time,enrolled,available,waitlisted,total
2023-11-13T04:45:14,0,7,0,7
2023-11-13T05:00:59,0,7,0,7
2023-11-13T05:16:44,0,7,0,7
2023-11-13T05:32:27,0,7,0,7
2023-11-13T05:48:11,0,7,0,7
2023-11-13T06:03:59,0,7,0,7
2023-11-13T06:19:41,0,7,0,7
2023-11-13T06:35:24,0,7,0,7
2023-11-13T06:51:06,0,7,0,7
2023-11-13T07:06:48,0,7,0,7
2023-11-13T07:22:28,0,7,0,7
2023-11-13T07:38:08,0,7,0,7
2023-11-13T07:53:46,0,7,0,7
2023-11-13T08:09:25,0,7,0,7
2023-11-13T08:25:14,0,7,0,7
2023-11-13T08:40:53,0,7,0,7
2023-11-13T08:56:31,0,7,0,7
2023-11-13T09:12:10,0,7,0,7
2023-11-13T09:27:48,0,7,0,7
2023-11-13T09:43:27,0,7,0,7
2023-11-13T09:59:17,0,7,0,7
2023-11-13T10:14:58,0,7,0,7
2023-11-13T10:30:37,0,7,0,7
2023-11-13T10:46:15,0,7,0,7
2023-11-13T11:02:07,0,7,0,7
2023-11-13T11:17:45,0,7,0,7
2023-11-13T11:33:24,0,7,0,7
2023-11-13T11:49:15,0,7,0,7
2023-11-13T12:05:00,0,7,0,7
2023-11-13T12:20:51,0,7,0,7
2023-11-13T12:36:31,0,7,0,7
2023-11-13T12:52:11,0,7,0,7
2023-11-13T13:07:50,0,7,0,7
2023-11-13T13:23:40,0,7,0,7
2023-11-13T13:39:20,0,7,0,7
2023-11-13T13:55:00,0,7,0,7
2023-11-13T14:10:51,0,7,0,7
2023-11-13T14:26:32,0,7,0,7
2023-11-13T14:42:13,0,7,0,7
2023-11-13T14:58:08,0,7,0,7
2023-11-13T15:13:51,0,7,0,7
2023-11-13T15:29:33,0,7,0,7
2023-11-13T15:45:27,0,7,0,7
2023-11-13T16:01:09,0,7,0,7
2023-11-13T16:17:01,0,7,0,7
2023-11-13T16:32:43,0,7,0,7
2023-11-13T16:48:25,0,7,0,7
2023-11-13T17:04:08,0,7,0,7
2023-11-13T17:20:02,0,7,0,7
2023-11-13T17:35:44,0,7,0,7
2023-11-13T17:51:26,0,7,0,7
2023-11-13T18:07:21,0,7,0,7
2023-11-13T18:23:04,0,7,0,7
2023-11-13T18:38:46,0,7,0,7
2023-11-13T18:54:39,0,7,0,7
2023-11-13T19:10:22,0,7,0,7
2023-11-13T19:26:04,0,7,0,7
2023-11-13T19:41:46,0,7,0,7
2023-11-13T19:57:38,0,7,0,7
2023-11-13T20:13:20,0,7,0,7
2023-11-13T20:29:02,0,7,0,7
2023-11-13T20:44:54,0,7,0,7
2023-11-13T21:00:36,0,7,0,7
2023-11-13T21:16:19,0,7,0,7
2023-11-13T21:32:02,0,7,0,7
2023-11-13T21:47:59,0,7,0,7
2023-11-13T22:03:41,0,7,0,7
2023-11-13T22:19:23,0,7,0,7
2023-11-13T22:35:05,0,7,0,7
2023-11-13T22:50:58,0,7,0,7
2023-11-13T23:06:40,0,7,0,7
2023-11-13T23:22:23,0,7,0,7
2023-11-13T23:38:06,0,7,0,7
2023-11-13T23:54:00,0,7,0,7
2023-11-14T00:15:17,0,7,0,7
2023-11-14T00:31:14,0,7,0,7
2023-11-14T00:47:19,0,7,0,7
2023-11-14T01:03:05,0,7,0,7
2023-11-14T01:18:52,0,7,0,7
2023-11-14T01:34:38,0,7,0,7
2023-11-14T01:50:24,0,7,0,7
2023-11-14T02:06:22,0,7,0,7
2023-11-14T02:22:08,0,7,0,7
2023-11-14T02:37:53,0,7,0,7
2023-11-14T02:53:38,0,7,0,7
2023-11-14T03:09:22,0,7,0,7
2023-11-14T03:25:08,0,7,0,7
2023-11-14T03:40:55,0,7,0,7
2023-11-14T03:56:52,0,7,0,7
2023-11-14T04:34:12,0,7,0,7
2023-11-14T04:50:00,0,7,0,7
2023-11-14T05:05:52,0,7,0,7
2023-11-14T05:21:39,0,7,0,7
2023-11-14T05:37:26,0,7,0,7
2023-11-14T05:53:13,0,7,0,7
2023-11-14T06:09:06,0,7,0,7
2023-11-14T06:24:53,0,7,0,7
2023-11-14T06:40:39,0,7,0,7
2023-11-14T06:56:25,0,7,0,7
2023-11-14T07:12:23,0,7,0,7
2023-11-14T07:28:08,0,7,0,7
2023-11-14T07:43:52,0,7,0,7
2023-11-14T07:59:37,0,7,0,7
2023-11-14T08:15:21,0,7,0,7
2023-11-14T08:31:06,0,7,0,7
2023-11-14T08:46:57,0,7,0,7
2023-11-14T09:02:52,0,7,0,7
2023-11-14T09:18:37,0,7,0,7
2023-11-14T09:34:21,0,7,0,7
2023-11-14T09:50:06,1,6,0,7
2023-11-14T10:06:01,1,6,0,7
2023-11-14T10:21:47,1,6,0,7
2023-11-14T10:37:32,1,6,0,7
2023-11-14T10:53:27,1,6,0,7
2023-11-14T11:09:13,1,6,0,7
2023-11-14T11:25:12,1,6,0,7
2023-11-14T11:41:03,1,6,0,7
2023-11-14T11:57:03,1,6,0,7
2023-11-14T12:12:53,1,6,0,7
2023-11-14T12:28:51,1,6,0,7
2023-11-14T12:44:38,1,6,0,7
2023-11-14T13:00:38,1,6,0,7
2023-11-14T13:16:24,1,6,0,7
2023-11-14T13:32:13,1,6,0,7
2023-11-14T13:48:10,1,6,0,7
2023-11-14T14:04:00,1,6,0,7
2023-11-14T14:20:01,1,6,0,7
2023-11-14T14:35:47,1,6,0,7
2023-11-14T14:51:43,1,6,0,7
2023-11-14T15:07:31,1,6,0,7
2023-11-14T15:23:29,1,6,0,7
2023-11-14T15:39:15,1,6,0,7
2023-11-14T15:55:14,1,6,0,7
2023-11-14T16:10:59,1,6,0,7
2023-11-14T16:26:57,1,6,0,7
2023-11-14T16:42:41,1,6,0,7
2023-11-14T16:58:27,1,6,0,7
2023-11-14T17:14:24,1,6,0,7
2023-11-14T17:30:10,1,6,0,7
2023-11-14T17:46:07,1,6,0,7
2023-11-14T18:01:52,1,6,0,7
2023-11-14T18:17:37,1,6,0,7
2023-11-14T18:33:34,1,6,0,7
2023-11-14T18:49:19,1,6,0,7
2023-11-14T19:05:08,1,6,0,7
2023-11-14T19:21:07,1,6,0,7
2023-11-14T19:36:53,1,6,0,7
2023-11-14T19:52:40,1,6,0,7
2023-11-14T20:08:28,1,6,0,7
2023-11-14T20:24:27,1,6,0,7
2023-11-14T20:40:12,1,6,0,7
2023-11-14T20:55:59,1,6,0,7
2023-11-14T21:11:59,1,6,0,7
2023-11-14T21:27:44,1,6,0,7
2023-11-14T21:43:30,1,6,0,7
2023-11-14T21:59:15,1,6,0,7
2023-11-14T22:15:12,1,6,0,7
2023-11-14T22:30:57,1,6,0,7
2023-11-14T22:46:42,1,6,0,7
2023-11-14T23:02:28,1,6,0,7
2023-11-14T23:18:28,1,6,0,7
2023-11-14T23:34:14,1,6,0,7
2023-11-14T23:49:59,1,6,0,7
2023-11-15T00:05:46,1,6,0,7
2023-11-15T00:21:50,1,6,0,7
2023-11-15T00:37:42,1,6,0,7
2023-11-15T00:53:31,1,6,0,7
2023-11-15T01:09:19,1,6,0,7
2023-11-15T01:25:09,1,6,0,7
2023-11-15T01:40:58,1,6,0,7
2023-11-15T01:56:50,1,6,0,7
2023-11-15T02:12:41,1,6,0,7
2023-11-15T02:28:40,1,6,0,7
2023-11-15T02:44:27,1,6,0,7
2023-11-15T03:00:16,1,6,0,7
2023-11-15T03:16:40,1,6,0,7
2023-11-15T03:32:29,1,6,0,7
2023-11-15T03:48:18,1,6,0,7
2023-11-15T04:04:07,1,6,0,7
2023-11-15T04:19:58,1,6,0,7
2023-11-15T04:46:55,1,6,0,7
2023-11-15T05:04:28,1,6,0,7
2023-11-15T05:20:19,1,6,0,7
2023-11-15T05:36:09,1,6,0,7
2023-11-15T05:52:00,1,6,0,7
2023-11-15T06:07:55,1,6,0,7
2023-11-15T06:23:43,1,6,0,7
2023-11-15T06:39:33,1,6,0,7
2023-11-15T06:55:22,1,6,0,7
2023-11-15T07:11:16,1,6,0,7
2023-11-15T07:27:12,1,6,0,7
2023-11-15T07:42:59,1,6,0,7
2023-11-15T07:58:45,1,6,0,7
2023-11-15T08:14:32,1,6,0,7
2023-11-15T08:30:19,1,6,0,7
2023-11-15T08:46:06,1,6,0,7
2023-11-15T09:01:53,1,6,0,7
2023-11-15T09:17:54,1,6,0,7
2023-11-15T09:33:42,1,6,0,7
2023-11-15T09:49:28,1,6,0,7
2023-11-15T10:05:27,1,6,0,7
2023-11-15T10:21:15,1,6,0,7
2023-11-15T10:37:03,1,6,0,7
2023-11-15T10:53:01,1,6,0,7
2023-11-15T11:08:50,1,6,0,7
2023-11-15T11:24:40,1,6,0,7
2023-11-15T11:40:39,1,6,0,7
2023-11-15T11:56:28,1,6,0,7
2023-11-15T12:12:32,1,6,0,7
2023-11-15T12:28:19,1,6,0,7
2023-11-15T12:44:18,1,6,0,7
2023-11-15T13:00:04,1,6,0,7
2023-11-15T13:16:05,1,6,0,7
2023-11-15T13:31:52,1,6,0,7
2023-11-15T13:47:51,1,6,0,7
2023-11-15T14:03:43,1,6,0,7
2023-11-15T14:19:45,1,6,0,7
2023-11-15T14:35:35,1,6,0,7
2023-11-15T14:51:23,1,6,0,7
2023-11-15T15:07:24,1,6,0,7
2023-11-15T15:23:23,1,6,0,7
2023-11-15T15:39:13,1,6,0,7
2023-11-15T15:55:04,1,6,0,7
2023-11-15T16:11:06,1,6,0,7
2023-11-15T16:26:54,1,6,0,7
2023-11-15T16:42:59,1,6,0,7
2023-11-15T16:58:48,1,6,0,7
2023-11-15T17:14:42,1,6,0,7
2023-11-15T17:30:43,1,6,0,7
2023-11-15T17:46:31,1,6,0,7
2023-11-15T18:02:36,1,6,0,7
2023-11-15T18:18:26,1,6,0,7
2023-11-15T18:34:16,1,6,0,7
2023-11-15T18:50:14,1,6,0,7
2023-11-15T19:06:02,1,6,0,7
2023-11-15T19:21:51,1,6,0,7
2023-11-15T19:37:52,1,6,0,7
2023-11-15T19:53:42,1,6,0,7
2023-11-15T20:09:31,1,6,0,7
2023-11-15T20:25:31,1,6,0,7
2023-11-15T20:41:19,1,6,0,7
2023-11-15T20:57:06,1,6,0,7
2023-11-15T21:13:05,1,6,0,7
2023-11-15T21:28:51,1,6,0,7
2023-11-15T21:44:37,1,6,0,7
2023-11-15T22:00:22,1,6,0,7
2023-11-15T22:16:22,1,6,0,7
2023-11-15T22:32:09,1,6,0,7
2023-11-15T22:47:55,1,6,0,7
2023-11-15T23:03:52,1,6,0,7
2023-11-15T23:19:39,1,6,0,7
2023-11-15T23:35:26,1,6,0,7
2023-11-15T23:51:13,1,6,0,7
2023-11-16T00:07:13,1,6,0,7
2023-11-16T00:23:08,1,6,0,7
2023-11-16T00:38:59,1,6,0,7
2023-11-16T00:54:48,1,6,0,7
2023-11-16T01:10:38,1,6,0,7
2023-11-16T01:26:27,1,6,0,7
2023-11-16T01:42:27,1,6,0,7
2023-11-16T01:58:17,1,6,0,7
2023-11-16T02:14:05,1,6,0,7
2023-11-16T02:29:52,1,6,0,7
2023-11-16T02:45:39,1,6,0,7
2023-11-16T03:01:25,1,6,0,7
2023-11-16T03:17:13,1,6,0,7
2023-11-16T03:33:16,1,6,0,7
2023-11-16T03:49:07,1,6,0,7
2023-11-16T04:04:57,1,6,0,7
2023-11-16T04:45:16,1,6,0,7
2023-11-16T05:02:53,1,6,0,7
2023-11-16T05:18:44,1,6,0,7
2023-11-16T05:34:35,1,6,0,7
2023-11-16T05:50:26,1,6,0,7
2023-11-16T06:06:20,1,6,0,7
2023-11-16T06:22:10,1,6,0,7
2023-11-16T06:37:59,1,6,0,7
2023-11-16T06:53:48,1,6,0,7
2023-11-16T07:09:37,1,6,0,7
2023-11-16T07:25:26,1,6,0,7
2023-11-16T07:41:28,1,6,0,7
2023-11-16T07:57:15,1,6,0,7
2023-11-16T08:13:01,1,6,0,7
2023-11-16T08:28:49,1,6,0,7
2023-11-16T08:44:36,1,6,0,7
2023-11-16T09:00:23,1,6,0,7
2023-11-16T09:16:19,1,6,0,7
2023-11-16T09:32:06,1,6,0,7
2023-11-16T09:47:53,1,6,0,7
2023-11-16T10:03:51,1,6,0,7
2023-11-16T10:19:39,1,6,0,7
2023-11-16T10:35:45,1,6,0,7
2023-11-16T10:51:33,1,6,0,7
2023-11-16T11:07:23,1,6,0,7
2023-11-16T11:23:24,1,6,0,7
2023-11-16T11:39:13,1,6,0,7
2023-11-16T11:55:19,1,6,0,7
2023-11-16T12:11:08,1,6,0,7
2023-11-16T12:27:04,1,6,0,7
2023-11-16T12:42:52,1,6,0,7
2023-11-16T12:58:49,1,6,0,7
2023-11-16T13:14:40,1,6,0,7
2023-11-16T13:30:40,1,6,0,7
2023-11-16T13:46:27,1,6,0,7
2023-11-16T14:02:36,1,6,0,7
2023-11-16T14:18:24,1,6,0,7
2023-11-16T14:34:41,1,6,0,7
2023-11-16T14:50:28,1,6,0,7
2023-11-16T15:06:41,1,6,0,7
2023-11-16T15:22:40,1,6,0,7
2023-11-16T15:38:29,1,6,0,7
2023-11-16T15:54:24,1,6,0,7
2023-11-16T16:10:38,1,6,0,7
2023-11-16T16:26:29,1,6,0,7
2023-11-16T16:42:31,1,6,0,7
2023-11-16T16:58:31,1,6,0,7
2023-11-16T17:14:34,1,6,0,7
2023-11-16T17:30:25,1,6,0,7
2023-11-16T17:46:35,1,6,0,7
2023-11-16T18:02:26,1,6,0,7
2023-11-16T18:18:17,1,6,0,7
2023-11-16T18:34:19,1,6,0,7
2023-11-16T18:50:09,1,6,0,7
2023-11-16T19:06:00,1,6,0,7
2023-11-16T19:22:00,1,6,0,7
2023-11-16T19:37:49,1,6,0,7
2023-11-16T19:53:39,1,6,0,7
2023-11-16T20:09:39,1,6,0,7
2023-11-16T20:25:29,1,6,0,7
2023-11-16T20:41:18,1,6,0,7
2023-11-16T20:57:18,1,6,0,7
2023-11-16T21:13:06,1,6,0,7
2023-11-16T21:28:53,1,6,0,7
2023-11-16T21:44:52,1,6,0,7
2023-11-16T22:00:39,1,6,0,7
2023-11-16T22:16:27,1,6,0,7
2023-11-16T22:32:15,1,6,0,7
2023-11-16T22:48:24,1,6,0,7
2023-11-16T23:04:12,1,6,0,7
2023-11-16T23:20:00,1,6,0,7
2023-11-16T23:35:49,1,6,0,7
2023-11-16T23:51:39,1,6,0,7
2023-11-17T00:07:41,1,6,0,7
2023-11-17T00:23:42,1,6,0,7
2023-11-17T00:39:33,1,6,0,7
2023-11-17T00:55:23,1,6,0,7
2023-11-17T01:11:35,1,6,0,7
2023-11-17T01:27:27,1,6,0,7
2023-11-17T01:43:19,1,6,0,7
2023-11-17T01:59:11,1,6,0,7
2023-11-17T02:15:03,1,6,0,7
2023-11-17T02:30:54,1,6,0,7
2023-11-17T02:46:44,1,6,0,7
2023-11-17T03:02:36,1,6,0,7
2023-11-17T03:18:40,1,6,0,7
2023-11-17T03:34:32,1,6,0,7
2023-11-17T03:50:24,1,6,0,7
2023-11-17T04:06:27,1,6,0,7
2023-11-17T04:35:47,1,6,0,7
2023-11-17T04:51:42,1,6,0,7
2023-11-17T05:07:37,1,6,0,7
2023-11-17T05:23:29,1,6,0,7
2023-11-17T05:39:22,1,6,0,7
2023-11-17T05:55:15,1,6,0,7
2023-11-17T06:11:07,1,6,0,7
2023-11-17T06:26:59,1,6,0,7
2023-11-17T06:42:51,1,6,0,7
2023-11-17T06:58:43,1,6,0,7
2023-11-17T07:14:34,1,6,0,7
2023-11-17T07:30:25,1,6,0,7
2023-11-17T07:46:13,1,6,0,7
2023-11-17T08:02:05,1,6,0,7
2023-11-17T08:18:09,1,6,0,7
2023-11-17T08:33:59,1,6,0,7
2023-11-17T08:49:48,1,6,0,7
2023-11-17T09:05:40,1,6,0,7
2023-11-17T09:21:32,1,6,0,7
2023-11-17T09:37:34,1,6,0,7
2023-11-17T09:53:25,1,6,0,7
2023-11-17T10:09:16,1,6,0,7
2023-11-17T10:26:13,1,6,0,7
2023-11-17T10:42:11,1,6,0,7
2023-11-17T10:58:12,1,6,0,7
2023-11-17T11:14:51,1,6,0,7
2023-11-17T11:30:45,1,6,0,7
2023-11-17T11:46:48,1,6,0,7
2023-11-17T12:02:50,1,6,0,7
2023-11-17T12:19:05,1,6,0,7
2023-11-17T12:35:26,1,6,0,7
2023-11-17T12:51:37,1,6,0,7
2023-11-17T13:07:42,1,6,0,7
2023-11-17T13:23:35,1,6,0,7
2023-11-17T13:39:48,1,6,0,7
2023-11-17T13:56:08,1,6,0,7
2023-11-17T14:12:04,1,6,0,7
2023-11-17T14:28:13,1,6,0,7
2023-11-17T14:44:33,1,6,0,7
2023-11-17T15:01:41,1,6,0,7
2023-11-17T15:17:46,1,6,0,7
2023-11-17T15:34:01,1,6,0,7
2023-11-17T15:49:54,1,6,0,7
2023-11-17T16:06:02,1,6,0,7
2023-11-17T16:22:00,1,6,0,7
2023-11-17T16:38:12,1,6,0,7
2023-11-17T16:54:08,1,6,0,7
2023-11-17T17:10:07,1,6,0,7
2023-11-17T17:26:11,1,6,0,7
2023-11-17T17:42:04,1,6,0,7
2023-11-17T17:57:57,1,6,0,7
2023-11-17T18:14:09,1,6,0,7
2023-11-17T18:30:02,1,6,0,7
2023-11-17T18:45:53,1,6,0,7
2023-11-17T19:01:54,1,6,0,7
2023-11-17T19:17:44,1,6,0,7
2023-11-17T19:33:34,1,6,0,7
2023-11-17T19:49:44,1,6,0,7
2023-11-17T20:05:34,1,6,0,7
2023-11-17T20:21:25,1,6,0,7
2023-11-17T20:37:15,1,6,0,7
2023-11-17T20:53:17,1,6,0,7
2023-11-17T21:09:09,1,6,0,7
2023-11-17T21:24:58,1,6,0,7
2023-11-17T21:40:59,1,6,0,7
2023-11-17T21:56:47,1,6,0,7
2023-11-17T22:12:37,1,6,0,7
2023-11-17T22:28:26,1,6,0,7
2023-11-17T22:44:16,1,6,0,7
2023-11-17T23:00:16,1,6,0,7
2023-11-17T23:16:05,1,6,0,7
2023-11-17T23:31:56,1,6,0,7
2023-11-17T23:47:45,1,6,0,7
2023-11-18T00:03:36,1,6,0,7
2023-11-18T00:19:49,1,6,0,7
2023-11-18T00:35:43,1,6,0,7
2023-11-18T00:51:36,1,6,0,7
2023-11-18T01:07:31,1,6,0,7
2023-11-18T01:23:23,1,6,0,7
2023-11-18T01:39:14,1,6,0,7
2023-11-18T01:55:19,1,6,0,7
2023-11-18T02:11:12,1,6,0,7
2023-11-18T02:27:03,1,6,0,7
2023-11-18T02:42:53,1,6,0,7
2023-11-18T02:58:43,1,6,0,7
2023-11-18T03:14:34,1,6,0,7
2023-11-18T03:30:25,1,6,0,7
2023-11-18T03:46:16,1,6,0,7
2023-11-18T04:04:24,1,6,0,7
2023-11-18T04:40:10,1,6,0,7
2023-11-18T04:56:04,1,6,0,7
2023-11-18T05:11:56,1,6,0,7
2023-11-18T05:27:49,1,6,0,7
2023-11-18T05:43:42,1,6,0,7
2023-11-18T05:59:34,1,6,0,7
2023-11-18T06:15:27,1,6,0,7
2023-11-18T06:31:20,1,6,0,7
2023-11-18T06:47:12,1,6,0,7
2023-11-18T07:03:04,1,6,0,7
2023-11-18T07:18:56,1,6,0,7
2023-11-18T07:34:48,1,6,0,7
2023-11-18T07:50:48,1,6,0,7
2023-11-18T08:06:39,1,6,0,7
2023-11-18T08:22:30,1,6,0,7
2023-11-18T08:38:22,1,6,0,7
2023-11-18T08:54:14,1,6,0,7
2023-11-18T09:10:05,1,6,0,7
2023-11-18T09:26:04,1,6,0,7
2023-11-18T09:41:54,1,6,0,7
2023-11-18T09:57:44,1,6,0,7
2023-11-18T10:13:37,1,6,0,7
2023-11-18T10:29:27,1,6,0,7
2023-11-18T10:45:28,1,6,0,7
2023-11-18T11:01:21,1,6,0,7
2023-11-18T11:17:12,1,6,0,7
2023-11-18T11:33:05,1,6,0,7
2023-11-18T11:49:03,1,6,0,7
2023-11-18T12:04:54,1,6,0,7
2023-11-18T12:20:54,1,6,0,7
2023-11-18T12:36:43,1,6,0,7
2023-11-18T12:52:34,1,6,0,7
2023-11-18T13:08:33,1,6,0,7
2023-11-18T13:24:24,1,6,0,7
2023-11-18T13:40:16,1,6,0,7
2023-11-18T13:56:15,1,6,0,7
2023-11-18T14:12:05,1,6,0,7
2023-11-18T14:27:55,1,6,0,7
2023-11-18T14:43:47,1,6,0,7
2023-11-18T14:59:47,1,6,0,7
2023-11-18T15:15:40,1,6,0,7
2023-11-18T15:31:32,1,6,0,7
2023-11-18T15:47:33,1,6,0,7
2023-11-18T16:03:26,1,6,0,7
2023-11-18T16:19:16,1,6,0,7
2023-11-18T16:35:17,1,6,0,7
2023-11-18T16:51:09,1,6,0,7
2023-11-18T17:07:02,1,6,0,7
2023-11-18T17:23:04,1,6,0,7
2023-11-18T17:38:54,1,6,0,7
2023-11-18T17:54:45,1,6,0,7
2023-11-18T18:10:47,1,6,0,7
2023-11-18T18:26:38,1,6,0,7
2023-11-18T18:42:30,1,6,0,7
2023-11-18T18:58:29,1,6,0,7
2023-11-18T19:14:22,1,6,0,7
2023-11-18T19:30:12,1,6,0,7
2023-11-18T19:46:10,1,6,0,7
2023-11-18T20:01:59,1,6,0,7
2023-11-18T20:17:47,1,6,0,7
2023-11-18T20:33:37,1,6,0,7
2023-11-18T20:49:36,1,6,0,7
2023-11-18T21:05:26,1,6,0,7
2023-11-18T21:21:17,1,6,0,7
2023-11-18T21:37:07,1,6,0,7
2023-11-18T21:53:06,1,6,0,7
2023-11-18T22:08:54,1,6,0,7
2023-11-18T22:24:42,1,6,0,7
2023-11-18T22:40:31,1,6,0,7
2023-11-18T22:56:20,1,6,0,7
2023-11-18T23:12:18,1,6,0,7
2023-11-18T23:28:06,1,6,0,7
2023-11-18T23:43:54,1,6,0,7
2023-11-18T23:59:42,1,6,0,7
2023-11-19T00:15:33,1,6,0,7
2023-11-19T00:31:22,1,6,0,7
2023-11-19T00:47:12,1,6,0,7
2023-11-19T01:18:04,1,6,0,7
2023-11-19T01:33:52,1,6,0,7
2023-11-19T01:49:41,1,6,0,7
2023-11-19T02:05:29,1,6,0,7
2023-11-19T02:21:18,1,6,0,7
2023-11-19T02:37:07,1,6,0,7
2023-11-19T02:52:56,1,6,0,7
2023-11-19T03:08:52,1,6,0,7
2023-11-19T03:24:46,1,6,0,7
2023-11-19T03:40:40,1,6,0,7
2023-11-19T03:56:33,1,6,0,7
2023-11-19T04:12:37,1,6,0,7
2023-11-19T04:41:27,1,6,0,7
2023-11-19T04:57:40,1,6,0,7
2023-11-19T05:13:36,1,6,0,7
2023-11-19T05:29:30,1,6,0,7
2023-11-19T05:45:24,1,6,0,7
2023-11-19T06:01:17,1,6,0,7
2023-11-19T06:17:10,1,6,0,7
2023-11-19T06:33:02,1,6,0,7
2023-11-19T06:48:54,1,6,0,7
2023-11-19T07:04:48,1,6,0,7
2023-11-19T07:20:39,1,6,0,7
2023-11-19T07:36:31,1,6,0,7
2023-11-19T07:52:21,1,6,0,7
2023-11-19T08:08:12,1,6,0,7
2023-11-19T08:24:05,1,6,0,7
2023-11-19T08:40:04,1,6,0,7
2023-11-19T08:55:56,1,6,0,7
2023-11-19T09:11:48,1,6,0,7
2023-11-19T09:27:49,1,6,0,7
2023-11-19T09:43:39,1,6,0,7
2023-11-19T09:59:28,1,6,0,7
2023-11-19T10:15:20,1,6,0,7
2023-11-19T10:31:15,1,6,0,7
2023-11-19T10:47:11,1,6,0,7
2023-11-19T11:03:05,1,6,0,7
2023-11-19T11:18:56,1,6,0,7
2023-11-19T11:34:49,1,6,0,7
2023-11-19T11:50:38,1,6,0,7
2023-11-19T12:06:36,1,6,0,7
2023-11-19T12:22:24,1,6,0,7
2023-11-19T12:38:12,1,6,0,7
2023-11-19T12:53:59,1,6,0,7
2023-11-19T13:09:47,1,6,0,7
2023-11-19T13:25:35,1,6,0,7
2023-11-19T13:41:33,1,6,0,7
2023-11-19T13:57:20,1,6,0,7
2023-11-19T14:13:08,1,6,0,7
2023-11-19T14:28:55,1,6,0,7
2023-11-19T14:44:43,1,6,0,7
2023-11-19T15:00:31,1,6,0,7
2023-11-19T15:16:19,1,6,0,7
2023-11-19T15:32:16,1,6,0,7
2023-11-19T15:48:04,1,6,0,7
2023-11-19T16:03:52,1,6,0,7
2023-11-19T16:19:41,1,6,0,7
2023-11-19T16:35:30,1,6,0,7
2023-11-19T16:51:19,1,6,0,7
2023-11-19T17:07:18,1,6,0,7
2023-11-19T17:23:07,1,6,0,7
2023-11-19T17:38:54,1,6,0,7
2023-11-19T17:54:43,1,6,0,7
2023-11-19T18:10:31,1,6,0,7
2023-11-19T18:26:19,1,6,0,7
2023-11-19T18:42:07,1,6,0,7
2023-11-19T18:58:05,1,6,0,7
2023-11-19T19:13:55,1,6,0,7
2023-11-19T19:29:44,1,6,0,7
2023-11-19T19:45:33,1,6,0,7
2023-11-19T20:01:22,1,6,0,7
2023-11-19T20:17:11,1,6,0,7
2023-11-19T20:33:09,1,6,0,7
2023-11-19T20:48:57,1,6,0,7
2023-11-19T21:04:45,1,6,0,7
2023-11-19T21:20:34,1,6,0,7
2023-11-19T21:36:25,1,6,0,7
2023-11-19T21:52:14,1,6,0,7
2023-11-19T22:08:11,1,6,0,7
2023-11-19T22:24:00,1,6,0,7
2023-11-19T22:39:48,1,6,0,7
2023-11-19T22:55:36,1,6,0,7
2023-11-19T23:11:25,1,6,0,7
2023-11-19T23:27:14,1,6,0,7
2023-11-19T23:43:03,1,6,0,7
2023-11-19T23:58:52,1,6,0,7
2023-11-20T00:14:57,1,6,0,7
2023-11-20T00:30:54,1,6,0,7
2023-11-20T00:46:50,1,6,0,7
2023-11-20T01:02:43,1,6,0,7
2023-11-20T01:18:36,1,6,0,7
2023-11-20T01:34:30,1,6,0,7
2023-11-20T01:50:23,1,6,0,7
2023-11-20T02:06:16,1,6,0,7
2023-11-20T02:22:10,1,6,0,7
2023-11-20T02:38:02,1,6,0,7
2023-11-20T02:53:54,1,6,0,7
2023-11-20T03:09:47,1,6,0,7
2023-11-20T03:25:49,1,6,0,7
2023-11-20T03:41:41,1,6,0,7
2023-11-20T03:57:33,1,6,0,7
2023-11-20T04:32:13,1,6,0,7
2023-11-20T04:48:09,1,6,0,7
2023-11-20T05:04:04,1,6,0,7
2023-11-20T05:19:59,1,6,0,7
2023-11-20T05:35:52,1,6,0,7
2023-11-20T05:51:43,1,6,0,7
2023-11-20T06:07:36,1,6,0,7
2023-11-20T06:23:26,1,6,0,7
2023-11-20T06:39:15,1,6,0,7
2023-11-20T06:55:03,1,6,0,7
2023-11-20T07:10:51,1,6,0,7
2023-11-20T07:26:43,1,6,0,7
2023-11-20T07:42:32,1,6,0,7
2023-11-20T07:58:22,1,6,0,7
2023-11-20T08:14:11,1,6,0,7
2023-11-20T08:30:04,1,6,0,7
2023-11-20T08:45:54,1,6,0,7
2023-11-20T09:01:54,1,6,0,7
2023-11-20T09:17:44,1,6,0,7
2023-11-20T09:33:34,1,6,0,7
2023-11-20T09:49:23,1,6,0,7
2023-11-20T10:05:11,1,6,0,7
2023-11-20T10:20:59,1,6,0,7
2023-11-20T10:37:03,1,6,0,7
2023-11-20T10:52:51,1,6,0,7
2023-11-20T11:08:40,1,6,0,7
2023-11-20T11:24:29,1,6,0,7
2023-11-20T11:40:28,1,6,0,7
2023-11-20T11:56:16,1,6,0,7
2023-11-20T12:12:06,1,6,0,7
2023-11-20T12:28:05,1,6,0,7
2023-11-20T12:43:53,1,6,0,7
2023-11-20T12:59:41,1,6,0,7
2023-11-20T13:15:29,1,6,0,7
2023-11-20T13:31:27,1,6,0,7
2023-11-20T13:47:15,1,6,0,7
2023-11-20T14:03:04,1,6,0,7
2023-11-20T14:18:53,1,6,0,7
2023-11-20T14:34:53,1,6,0,7
2023-11-20T14:50:42,1,6,0,7
2023-11-20T15:06:32,1,6,0,7
2023-11-20T15:22:31,1,6,0,7
2023-11-20T15:38:20,1,6,0,7
2023-11-20T15:54:19,1,6,0,7
2023-11-20T16:10:08,1,6,0,7
2023-11-20T16:26:09,1,6,0,7
2023-11-20T16:41:58,1,6,0,7
2023-11-20T16:57:47,1,6,0,7
2023-11-20T17:13:39,1,6,0,7
2023-11-20T17:29:39,1,6,0,7
2023-11-20T17:45:28,1,6,0,7
2023-11-20T18:01:17,1,6,0,7
2023-11-20T18:17:07,1,6,0,7
2023-11-20T18:32:56,1,6,0,7
2023-11-20T18:48:54,1,6,0,7
2023-11-20T19:04:44,1,6,0,7
2023-11-20T19:20:33,1,6,0,7
2023-11-20T19:36:23,1,6,0,7
2023-11-20T19:52:22,1,6,0,7
2023-11-20T20:08:11,1,6,0,7
2023-11-20T20:24:00,1,6,0,7
2023-11-20T20:40:00,1,6,0,7
2023-11-20T20:55:50,1,6,0,7
2023-11-20T21:11:39,1,6,0,7
2023-11-20T21:27:28,1,6,0,7
2023-11-20T21:43:18,1,6,0,7
2023-11-20T21:59:08,1,6,0,7
2023-11-20T22:14:57,1,6,0,7
2023-11-20T22:30:57,1,6,0,7
2023-11-20T22:46:46,1,6,0,7
2023-11-20T23:02:36,1,6,0,7
2023-11-20T23:18:25,1,6,0,7
2023-11-20T23:34:15,1,6,0,7
2023-11-20T23:50:05,1,6,0,7
2023-11-21T00:07:05,1,6,0,7
2023-11-21T00:23:16,1,6,0,7
2023-11-21T00:39:41,1,6,0,7
2023-11-21T00:55:35,1,6,0,7
2023-11-21T01:11:27,1,6,0,7
2023-11-21T01:27:20,1,6,0,7
2023-11-21T01:43:14,1,6,0,7
2023-11-21T01:59:07,1,6,0,7
2023-11-21T02:14:59,1,6,0,7
2023-11-21T02:30:49,1,6,0,7
2023-11-21T02:46:42,1,6,0,7
2023-11-21T03:02:35,1,6,0,7
2023-11-21T03:18:39,1,6,0,7
2023-11-21T03:34:32,1,6,0,7
2023-11-21T03:50:24,1,6,0,7
2023-11-21T04:08:11,1,6,0,7
2023-11-21T04:41:06,1,6,0,7
2023-11-21T04:57:02,1,6,0,7
2023-11-21T05:13:00,1,6,0,7
2023-11-21T05:28:55,1,6,0,7
2023-11-21T05:44:49,1,6,0,7
2023-11-21T06:00:42,1,6,0,7
2023-11-21T06:16:39,1,6,0,7
2023-11-21T06:32:31,1,6,0,7
2023-11-21T06:48:23,1,6,0,7
2023-11-21T07:04:15,1,6,0,7
2023-11-21T07:20:06,1,6,0,7
2023-11-21T07:35:58,1,6,0,7
2023-11-21T07:52:11,1,6,0,7
2023-11-21T08:08:01,1,6,0,7
2023-11-21T08:23:52,1,6,0,7
2023-11-21T08:39:43,1,6,0,7
2023-11-21T08:55:35,1,6,0,7
2023-11-21T09:11:25,1,6,0,7
2023-11-21T09:27:16,1,6,0,7
2023-11-21T09:43:07,1,6,0,7
2023-11-21T09:59:09,1,6,0,7
2023-11-21T10:15:03,1,6,0,7
2023-11-21T10:31:19,1,6,0,7
2023-11-21T10:47:13,1,6,0,7
2023-11-21T11:03:07,1,6,0,7
2023-11-21T11:19:13,1,6,0,7
2023-11-21T11:35:07,1,6,0,7
2023-11-21T11:51:02,1,6,0,7
2023-11-21T12:07:08,1,6,0,7
2023-11-21T12:23:02,1,6,0,7
2023-11-21T12:39:07,1,6,0,7
2023-11-21T12:55:02,1,6,0,7
2023-11-21T13:11:00,1,6,0,7
2023-11-21T13:27:15,1,6,0,7
2023-11-21T13:43:13,1,6,0,7
2023-11-21T13:59:10,1,6,0,7
2023-11-21T14:15:08,1,6,0,7
2023-11-21T14:31:14,1,6,0,7
2023-11-21T14:47:11,1,6,0,7
2023-11-21T15:03:09,1,6,0,7
2023-11-21T15:19:18,1,6,0,7
2023-11-21T15:35:15,1,6,0,7
2023-11-21T15:51:23,1,6,0,7
2023-11-21T16:07:20,1,6,0,7
2023-11-21T16:23:17,1,6,0,7
2023-11-21T16:39:23,1,6,0,7
2023-11-21T16:55:19,1,6,0,7
2023-11-21T17:11:17,1,6,0,7
2023-11-21T17:27:14,1,6,0,7
2023-11-21T17:43:11,1,6,0,7
2023-11-21T17:59:16,1,6,0,7
2023-11-21T18:15:13,1,6,0,7
2023-11-21T18:31:09,1,6,0,7
2023-11-21T18:47:28,1,6,0,7
2023-11-21T19:03:24,1,6,0,7
2023-11-21T19:19:21,1,6,0,7
2023-11-21T19:35:16,1,6,0,7
2023-11-21T19:51:13,1,6,0,7
2023-11-21T20:07:09,1,6,0,7
2023-11-21T20:23:18,1,6,0,7
2023-11-21T20:39:15,1,6,0,7
2023-11-21T20:55:11,1,6,0,7
2023-11-21T21:11:07,1,6,0,7
2023-11-21T21:27:03,1,6,0,7
2023-11-21T21:42:59,1,6,0,7
2023-11-21T21:59:06,1,6,0,7
2023-11-21T22:15:02,1,6,0,7
2023-11-21T22:30:58,1,6,0,7
2023-11-21T22:46:54,1,6,0,7
2023-11-21T23:02:51,1,6,0,7
2023-11-21T23:18:48,1,6,0,7
2023-11-21T23:34:45,1,6,0,7
2023-11-21T23:50:41,1,6,0,7
2023-11-22T00:06:49,1,6,0,7
2023-11-22T00:22:50,1,6,0,7
2023-11-22T00:38:50,1,6,0,7
2023-11-22T00:54:52,1,6,0,7
2023-11-22T01:10:53,1,6,0,7
2023-11-22T01:26:54,1,6,0,7
2023-11-22T01:43:30,1,6,0,7
2023-11-22T01:59:31,1,6,0,7
2023-11-22T02:15:31,1,6,0,7
2023-11-22T02:31:30,1,6,0,7
2023-11-22T02:47:29,1,6,0,7
2023-11-22T03:03:28,1,6,0,7
2023-11-22T03:19:43,1,6,0,7
2023-11-22T03:35:44,1,6,0,7
2023-11-22T03:51:44,1,6,0,7
2023-11-22T04:07:46,1,6,0,7
2023-11-22T04:45:16,1,6,0,7
2023-11-22T05:01:18,1,6,0,7
2023-11-22T05:17:20,1,6,0,7
2023-11-22T05:33:21,1,6,0,7
2023-11-22T05:49:22,1,6,0,7
2023-11-22T06:05:27,1,6,0,7
2023-11-22T06:21:29,1,6,0,7
2023-11-22T06:37:29,1,6,0,7
2023-11-22T06:53:29,1,6,0,7
2023-11-22T07:09:29,1,6,0,7
2023-11-22T07:25:28,1,6,0,7
2023-11-22T07:41:26,1,6,0,7
2023-11-22T07:57:22,1,6,0,7
2023-11-22T08:13:18,1,6,0,7
2023-11-22T08:29:25,1,6,0,7
2023-11-22T08:45:22,1,6,0,7
2023-11-22T09:01:19,1,6,0,7
2023-11-22T09:17:16,1,6,0,7
2023-11-22T09:33:14,1,6,0,7
2023-11-22T09:49:22,1,6,0,7
2023-11-22T10:05:20,1,6,0,7
2023-11-22T10:21:17,1,6,0,7
2023-11-22T10:37:16,1,6,0,7
2023-11-22T10:53:14,1,6,0,7
2023-11-22T11:09:23,1,6,0,7
2023-11-22T11:25:22,1,6,0,7
2023-11-22T11:41:21,1,6,0,7
2023-11-22T11:57:19,1,6,0,7
2023-11-22T12:13:32,1,6,0,7
2023-11-22T12:29:31,1,6,0,7
2023-11-22T12:45:29,1,6,0,7
2023-11-22T13:01:28,1,6,0,7
2023-11-22T13:17:37,1,6,0,7
2023-11-22T13:33:37,1,6,0,7
2023-11-22T13:49:36,1,6,0,7
2023-11-22T14:05:48,1,6,0,7
2023-11-22T14:21:50,1,6,0,7
2023-11-22T14:37:52,1,6,0,7
2023-11-22T14:53:54,1,6,0,7
2023-11-22T15:10:07,1,6,0,7
2023-11-22T15:26:08,1,6,0,7
2023-11-22T15:42:10,1,6,0,7
2023-11-22T15:58:21,1,6,0,7
2023-11-22T16:14:22,1,6,0,7
2023-11-22T16:30:23,1,6,0,7
2023-11-22T16:46:25,1,6,0,7
2023-11-22T17:02:25,1,6,0,7
2023-11-22T17:18:40,1,6,0,7
2023-11-22T17:34:42,1,6,0,7
2023-11-22T17:50:44,1,6,0,7
2023-11-22T18:06:44,1,6,0,7
2023-11-22T18:22:56,1,6,0,7
2023-11-22T18:38:57,1,6,0,7
2023-11-22T18:54:58,1,6,0,7
2023-11-22T19:11:00,1,6,0,7
2023-11-22T19:27:01,1,6,0,7
2023-11-22T19:43:13,1,6,0,7
2023-11-22T19:59:14,1,6,0,7
2023-11-22T20:15:18,1,6,0,7
2023-11-22T20:31:19,1,6,0,7
2023-11-22T20:47:21,1,6,0,7
2023-11-22T21:03:33,1,6,0,7
2023-11-22T21:19:34,1,6,0,7
2023-11-22T21:35:35,1,6,0,7
2023-11-22T21:51:36,1,6,0,7
2023-11-22T22:07:39,1,6,0,7
2023-11-22T22:23:40,1,6,0,7
2023-11-22T22:39:52,1,6,0,7
2023-11-22T22:55:53,1,6,0,7
2023-11-22T23:11:57,1,6,0,7
2023-11-22T23:27:59,1,6,0,7
2023-11-22T23:44:01,1,6,0,7
2023-11-23T00:00:03,1,6,0,7
2023-11-23T00:16:09,1,6,0,7
2023-11-23T00:32:24,1,6,0,7
2023-11-23T00:48:30,1,6,0,7
2023-11-23T01:04:37,1,6,0,7
2023-11-23T01:20:44,1,6,0,7
2023-11-23T01:36:50,1,6,0,7
2023-11-23T01:52:56,1,6,0,7
2023-11-23T02:09:03,1,6,0,7
2023-11-23T02:25:07,1,6,0,7
2023-11-23T02:41:11,1,6,0,7
2023-11-23T02:57:13,1,6,0,7
2023-11-23T03:13:18,1,6,0,7
2023-11-23T03:29:23,1,6,0,7
2023-11-23T03:45:27,1,6,0,7
2023-11-23T04:01:31,1,6,0,7
2023-11-23T04:38:11,1,6,0,7
2023-11-23T04:54:19,1,6,0,7
2023-11-23T05:10:28,1,6,0,7
2023-11-23T05:26:34,1,6,0,7
2023-11-23T05:42:40,1,6,0,7
2023-11-23T05:58:46,1,6,0,7
2023-11-23T06:14:55,1,6,0,7
2023-11-23T06:31:01,1,6,0,7
2023-11-23T06:47:06,1,6,0,7
2023-11-23T07:03:12,1,6,0,7
2023-11-23T07:19:17,1,6,0,7
2023-11-23T07:35:20,1,6,0,7
2023-11-23T07:51:24,1,6,0,7
2023-11-23T08:07:40,1,6,0,7
2023-11-23T08:23:45,1,6,0,7
2023-11-23T08:39:50,1,6,0,7
2023-11-23T08:55:55,1,6,0,7
2023-11-23T09:11:59,1,6,0,7
2023-11-23T09:28:03,1,6,0,7
2023-11-23T09:44:07,1,6,0,7
2023-11-23T10:00:11,1,6,0,7
2023-11-23T10:16:15,1,6,0,7
2023-11-23T10:32:18,1,6,0,7
2023-11-23T10:48:31,1,6,0,7
2023-11-23T11:04:34,1,6,0,7
2023-11-23T11:20:36,1,6,0,7
2023-11-23T11:36:38,1,6,0,7
2023-11-23T11:52:39,1,6,0,7
2023-11-23T12:08:42,1,6,0,7
2023-11-23T12:24:52,1,6,0,7
2023-11-23T12:40:53,1,6,0,7
2023-11-23T12:56:55,1,6,0,7
2023-11-23T13:12:56,1,6,0,7
2023-11-23T13:28:57,1,6,0,7
2023-11-23T13:44:58,1,6,0,7
2023-11-23T14:00:59,1,6,0,7
2023-11-23T14:17:00,1,6,0,7
2023-11-23T14:33:10,1,6,0,7
2023-11-23T14:49:11,1,6,0,7
2023-11-23T15:05:13,1,6,0,7
2023-11-23T15:21:14,1,6,0,7
2023-11-23T15:37:15,1,6,0,7
2023-11-23T15:53:16,1,6,0,7
2023-11-23T16:09:18,1,6,0,7
2023-11-23T16:25:27,1,6,0,7
2023-11-23T16:41:28,1,6,0,7
2023-11-23T16:57:30,1,6,0,7
2023-11-23T17:13:32,1,6,0,7
2023-11-23T17:29:33,1,6,0,7
2023-11-23T17:45:35,1,6,0,7
2023-11-23T18:01:37,1,6,0,7
2023-11-23T18:17:39,1,6,0,7
2023-11-23T18:33:41,1,6,0,7
2023-11-23T18:49:52,1,6,0,7
2023-11-23T19:05:54,1,6,0,7
2023-11-23T19:21:56,1,6,0,7
2023-11-23T19:37:58,1,6,0,7
2023-11-23T19:54:00,1,6,0,7
2023-11-23T20:10:02,1,6,0,7
2023-11-23T20:26:04,1,6,0,7
2023-11-23T20:42:06,1,6,0,7
2023-11-23T20:58:20,1,6,0,7
2023-11-23T21:14:21,1,6,0,7
2023-11-23T21:30:23,1,6,0,7
2023-11-23T21:46:25,1,6,0,7
2023-11-23T22:02:26,1,6,0,7
2023-11-23T22:18:27,1,6,0,7
2023-11-23T22:34:29,1,6,0,7
2023-11-23T22:50:40,1,6,0,7
2023-11-23T23:06:42,1,6,0,7
2023-11-23T23:22:45,1,6,0,7
2023-11-23T23:38:47,1,6,0,7
2023-11-23T23:54:49,1,6,0,7
2023-11-24T00:10:51,1,6,0,7
2023-11-24T00:26:58,1,6,0,7
2023-11-24T00:43:03,1,6,0,7
2023-11-24T00:59:08,1,6,0,7
2023-11-24T01:15:25,1,6,0,7
2023-11-24T01:31:32,1,6,0,7
2023-11-24T01:47:36,1,6,0,7
2023-11-24T02:03:41,1,6,0,7
2023-11-24T02:19:47,1,6,0,7
2023-11-24T02:35:51,1,6,0,7
2023-11-24T02:51:55,1,6,0,7
2023-11-24T03:07:59,1,6,0,7
2023-11-24T03:24:04,1,6,0,7
2023-11-24T03:40:18,1,6,0,7
2023-11-24T03:56:23,1,6,0,7
2023-11-24T04:37:12,1,6,0,7
2023-11-24T04:54:23,1,6,0,7
2023-11-24T05:10:31,1,6,0,7
2023-11-24T05:26:36,1,6,0,7
2023-11-24T05:42:41,1,6,0,7
2023-11-24T05:58:49,1,6,0,7
2023-11-24T06:14:57,1,6,0,7
2023-11-24T06:31:00,1,6,0,7
2023-11-24T06:47:04,1,6,0,7
2023-11-24T07:03:06,1,6,0,7
2023-11-24T07:19:16,1,6,0,7
2023-11-24T07:35:18,1,6,0,7
2023-11-24T07:51:19,1,6,0,7
2023-11-24T08:07:21,1,6,0,7
2023-11-24T08:23:23,1,6,0,7
2023-11-24T08:39:25,1,6,0,7
2023-11-24T08:55:26,1,6,0,7
2023-11-24T09:11:27,1,6,0,7
2023-11-24T09:27:28,1,6,0,7
2023-11-24T09:43:40,1,6,0,7
2023-11-24T09:59:41,1,6,0,7
2023-11-24T10:15:43,1,6,0,7
2023-11-24T10:31:44,1,6,0,7
2023-11-24T10:47:45,1,6,0,7
2023-11-24T11:03:55,1,6,0,7
2023-11-24T11:19:56,1,6,0,7
2023-11-24T11:35:57,1,6,0,7
2023-11-24T11:51:58,1,6,0,7
2023-11-24T12:08:00,1,6,0,7
2023-11-24T12:24:11,1,6,0,7
2023-11-24T12:40:12,1,6,0,7
2023-11-24T12:56:13,1,6,0,7
2023-11-24T13:12:14,1,6,0,7
2023-11-24T13:28:24,1,6,0,7
2023-11-24T13:44:25,1,6,0,7
2023-11-24T14:00:26,1,6,0,7
2023-11-24T14:16:26,1,6,0,7
2023-11-24T14:32:27,1,6,0,7
2023-11-24T14:48:37,1,6,0,7
2023-11-24T15:04:42,1,6,0,7
2023-11-24T15:20:43,1,6,0,7
2023-11-24T15:36:53,1,6,0,7
2023-11-24T15:52:54,1,6,0,7
2023-11-24T16:08:54,1,6,0,7
2023-11-24T16:24:55,1,6,0,7
2023-11-24T16:40:56,1,6,0,7
2023-11-24T16:57:06,1,6,0,7
2023-11-24T17:13:08,1,6,0,7
2023-11-24T17:29:09,1,6,0,7
2023-11-24T17:45:10,1,6,0,7
2023-11-24T18:01:12,1,6,0,7
2023-11-24T18:17:23,1,6,0,7
2023-11-24T18:33:24,1,6,0,7
2023-11-24T18:49:26,1,6,0,7
2023-11-24T19:05:27,1,6,0,7
2023-11-24T19:21:29,1,6,0,7
2023-11-24T19:37:41,1,6,0,7
2023-11-24T19:53:42,1,6,0,7
2023-11-24T20:09:43,1,6,0,7
2023-11-24T20:25:45,1,6,0,7
2023-11-24T20:41:47,1,6,0,7
2023-11-24T20:57:58,1,6,0,7
2023-11-24T21:13:59,1,6,0,7
2023-11-24T21:30:00,1,6,0,7
2023-11-24T21:46:02,1,6,0,7
2023-11-24T22:02:03,1,6,0,7
2023-11-24T22:18:15,1,6,0,7
2023-11-24T22:34:16,1,6,0,7
2023-11-24T22:50:17,1,6,0,7
2023-11-24T23:06:19,1,6,0,7
2023-11-24T23:22:22,1,6,0,7
2023-11-24T23:38:24,1,6,0,7
2023-11-24T23:54:27,1,6,0,7
2023-11-25T00:10:42,1,6,0,7
2023-11-25T00:26:49,1,6,0,7
2023-11-25T00:42:53,1,6,0,7
2023-11-25T00:58:58,1,6,0,7
2023-11-25T01:15:04,1,6,0,7
2023-11-25T01:31:09,1,6,0,7
2023-11-25T01:47:13,1,6,0,7
2023-11-25T02:03:18,1,6,0,7
2023-11-25T02:19:24,1,6,0,7
2023-11-25T02:35:36,1,6,0,7
2023-11-25T02:51:40,1,6,0,7
2023-11-25T03:07:44,1,6,0,7
2023-11-25T03:23:50,1,6,0,7
2023-11-25T03:39:55,1,6,0,7
2023-11-25T03:55:59,1,6,0,7
2023-11-25T04:33:27,1,6,0,7
2023-11-25T04:49:34,1,6,0,7
2023-11-25T05:05:41,1,6,0,7
2023-11-25T05:21:49,1,6,0,7
2023-11-25T05:37:55,1,6,0,7
2023-11-25T05:54:01,1,6,0,7
2023-11-25T06:10:09,1,6,0,7
2023-11-25T06:26:14,1,6,0,7
2023-11-25T06:42:18,1,6,0,7
2023-11-25T06:58:21,1,6,0,7
2023-11-25T07:14:23,1,6,0,7
2023-11-25T07:30:34,1,6,0,7
2023-11-25T07:46:36,1,6,0,7
2023-11-25T08:02:39,1,6,0,7
2023-11-25T08:18:41,1,6,0,7
2023-11-25T08:34:43,1,6,0,7
2023-11-25T08:50:45,1,6,0,7
2023-11-25T09:06:46,1,6,0,7
2023-11-25T09:22:48,1,6,0,7
2023-11-25T09:38:49,1,6,0,7
2023-11-25T09:55:00,1,6,0,7
2023-11-25T10:11:01,1,6,0,7
2023-11-25T10:27:04,1,6,0,7
2023-11-25T10:43:05,1,6,0,7
2023-11-25T10:59:06,1,6,0,7
2023-11-25T11:15:08,1,6,0,7
2023-11-25T11:31:24,1,6,0,7
2023-11-25T11:47:25,1,6,0,7
2023-11-25T12:03:30,1,6,0,7
2023-11-25T12:19:30,1,6,0,7
2023-11-25T12:35:40,1,6,0,7
2023-11-25T12:51:41,1,6,0,7
2023-11-25T13:07:42,1,6,0,7
2023-11-25T13:23:44,1,6,0,7
2023-11-25T13:39:46,1,6,0,7
2023-11-25T13:55:58,1,6,0,7
2023-11-25T14:12:00,1,6,0,7
2023-11-25T14:28:01,1,6,0,7
2023-11-25T14:44:02,1,6,0,7
2023-11-25T15:00:12,1,6,0,7
2023-11-25T15:16:14,1,6,0,7
2023-11-25T15:32:15,1,6,0,7
2023-11-25T15:48:17,1,6,0,7
2023-11-25T16:04:27,1,6,0,7
2023-11-25T16:20:28,1,6,0,7
2023-11-25T16:36:29,1,6,0,7
2023-11-25T16:52:30,1,6,0,7
2023-11-25T17:08:31,1,6,0,7
2023-11-25T17:24:44,1,6,0,7
2023-11-25T17:40:46,1,6,0,7
2023-11-25T17:56:47,1,6,0,7
2023-11-25T18:12:49,1,6,0,7
2023-11-25T18:28:51,1,6,0,7
2023-11-25T18:45:04,1,6,0,7
2023-11-25T19:01:05,1,6,0,7
2023-11-25T19:17:08,1,6,0,7
2023-11-25T19:33:09,1,6,0,7
2023-11-25T19:49:11,1,6,0,7
2023-11-25T20:05:24,1,6,0,7
2023-11-25T20:21:27,1,6,0,7
2023-11-25T20:37:29,1,6,0,7
2023-11-25T20:53:31,1,6,0,7
2023-11-25T21:09:35,1,6,0,7
2023-11-25T21:25:45,1,6,0,7
2023-11-25T21:41:46,1,6,0,7
2023-11-25T21:57:47,1,6,0,7
2023-11-25T22:13:49,1,6,0,7
2023-11-25T22:29:50,1,6,0,7
2023-11-25T22:45:52,1,6,0,7
2023-11-25T23:02:04,1,6,0,7
2023-11-25T23:18:06,1,6,0,7
2023-11-25T23:34:07,1,6,0,7
2023-11-25T23:50:09,1,6,0,7
2023-11-26T00:06:11,1,6,0,7
2023-11-26T00:22:16,1,6,0,7
2023-11-26T00:38:21,1,6,0,7
2023-11-26T00:54:34,1,6,0,7
2023-11-26T01:10:38,1,6,0,7
2023-11-26T01:26:40,1,6,0,7
2023-11-26T01:42:42,1,6,0,7
2023-11-26T01:58:44,1,6,0,7
2023-11-26T02:14:46,1,6,0,7
2023-11-26T02:30:49,1,6,0,7
2023-11-26T02:46:59,1,6,0,7
2023-11-26T03:03:19,1,6,0,7
2023-11-26T03:19:47,1,6,0,7
2023-11-26T03:35:54,1,6,0,7
2023-11-26T03:52:00,1,6,0,7
2023-11-26T04:34:03,1,6,0,7
2023-11-26T04:50:14,1,6,0,7
2023-11-26T05:06:24,1,6,0,7
2023-11-26T05:22:30,1,6,0,7
2023-11-26T05:38:36,1,6,0,7
2023-11-26T05:54:41,1,6,0,7
2023-11-26T06:10:52,1,6,0,7
2023-11-26T06:26:57,1,6,0,7
2023-11-26T06:43:01,1,6,0,7
2023-11-26T06:59:06,1,6,0,7
2023-11-26T07:15:11,1,6,0,7
2023-11-26T07:31:15,1,6,0,7
2023-11-26T07:47:20,1,6,0,7
2023-11-26T08:03:25,1,6,0,7
2023-11-26T08:19:32,1,6,0,7
2023-11-26T08:35:35,1,6,0,7
2023-11-26T08:51:36,1,6,0,7
2023-11-26T09:07:37,1,6,0,7
2023-11-26T09:23:39,1,6,0,7
2023-11-26T09:39:58,1,6,0,7
2023-11-26T09:56:01,1,6,0,7
2023-11-26T10:12:03,1,6,0,7
2023-11-26T10:28:06,1,6,0,7
2023-11-26T10:44:12,1,6,0,7
2023-11-26T11:00:18,1,6,0,7
2023-11-26T11:16:23,1,6,0,7
2023-11-26T11:32:26,1,6,0,7
2023-11-26T11:48:32,1,6,0,7
2023-11-26T12:04:33,1,6,0,7
2023-11-26T12:20:38,1,6,0,7
2023-11-26T12:36:39,1,6,0,7
2023-11-26T12:52:41,1,6,0,7
2023-11-26T13:08:42,1,6,0,7
2023-11-26T13:24:43,1,6,0,7
2023-11-26T13:40:44,1,6,0,7
2023-11-26T13:57:01,1,6,0,7
2023-11-26T14:13:02,1,6,0,7
2023-11-26T14:29:03,1,6,0,7
2023-11-26T14:45:05,1,6,0,7
2023-11-26T15:01:06,1,6,0,7
2023-11-26T15:17:10,1,6,0,7
2023-11-26T15:33:19,1,6,0,7
2023-11-26T15:49:20,1,6,0,7
2023-11-26T16:05:21,1,6,0,7
2023-11-26T16:21:22,1,6,0,7
2023-11-26T16:37:25,1,6,0,7
2023-11-26T16:53:27,1,6,0,7
2023-11-26T17:09:45,1,6,0,7
2023-11-26T17:25:47,1,6,0,7
2023-11-26T17:41:48,1,6,0,7
2023-11-26T17:57:50,1,6,0,7
2023-11-26T18:13:52,1,6,0,7
2023-11-26T18:29:53,1,6,0,7
2023-11-26T18:46:04,1,6,0,7
2023-11-26T19:02:07,1,6,0,7
2023-11-26T19:18:11,1,6,0,7
2023-11-26T19:34:12,1,6,0,7
2023-11-26T19:50:14,1,6,0,7
2023-11-26T20:06:24,1,6,0,7
2023-11-26T20:22:25,1,6,0,7
2023-11-26T20:38:27,1,6,0,7
2023-11-26T20:54:28,1,6,0,7
2023-11-26T21:10:46,1,6,0,7
2023-11-26T21:26:48,1,6,0,7
2023-11-26T21:42:52,1,6,0,7
2023-11-26T21:58:53,1,6,0,7
2023-11-26T22:14:54,1,6,0,7
2023-11-26T22:31:07,1,6,0,7
2023-11-26T22:47:08,1,6,0,7
2023-11-26T23:03:10,1,6,0,7
2023-11-26T23:19:13,1,6,0,7
2023-11-26T23:35:16,1,6,0,7
2023-11-26T23:51:35,1,6,0,7
2023-11-27T00:07:39,1,6,0,7
2023-11-27T00:23:57,1,6,0,7
2023-11-27T00:40:10,1,6,0,7
2023-11-27T00:56:15,1,6,0,7
2023-11-27T01:12:24,1,6,0,7
2023-11-27T01:28:31,1,6,0,7
2023-11-27T01:44:36,1,6,0,7
2023-11-27T02:00:51,1,6,0,7
2023-11-27T02:16:57,1,6,0,7
2023-11-27T02:33:01,1,6,0,7
2023-11-27T02:49:05,1,6,0,7
2023-11-27T03:05:08,1,6,0,7
2023-11-27T03:21:13,1,6,0,7
2023-11-27T03:37:17,1,6,0,7
2023-11-27T03:53:21,1,6,0,7
2023-11-27T04:44:37,1,6,0,7
2023-11-27T05:00:46,1,6,0,7
2023-11-27T05:16:54,1,6,0,7
2023-11-27T05:32:59,1,6,0,7
2023-11-27T05:49:05,1,6,0,7
2023-11-27T06:05:14,1,6,0,7
2023-11-27T06:21:17,1,6,0,7
2023-11-27T06:37:21,1,6,0,7
2023-11-27T06:53:24,1,6,0,7
2023-11-27T07:09:26,1,6,0,7
2023-11-27T07:25:27,1,6,0,7
2023-11-27T07:41:37,1,6,0,7
2023-11-27T07:57:38,1,6,0,7
2023-11-27T08:13:40,1,6,0,7
2023-11-27T08:29:43,1,6,0,7
2023-11-27T08:45:47,1,6,0,7
2023-11-27T09:01:50,1,6,0,7
2023-11-27T09:17:54,1,6,0,7
2023-11-27T09:34:12,1,6,0,7
2023-11-27T09:50:16,1,6,0,7
2023-11-27T10:06:23,1,6,0,7
2023-11-27T10:22:41,1,6,0,7
2023-11-27T10:38:47,1,6,0,7
2023-11-27T10:54:53,1,6,0,7
2023-11-27T11:11:11,1,6,0,7
2023-11-27T11:27:17,1,6,0,7
2023-11-27T11:43:34,1,6,0,7
2023-11-27T11:59:39,1,6,0,7
2023-11-27T12:15:59,1,6,0,7
2023-11-27T12:32:05,1,6,0,7
2023-11-27T12:48:21,1,6,0,7
2023-11-27T13:04:29,1,6,0,7
2023-11-27T13:20:34,1,6,0,7
2023-11-27T13:36:52,1,6,0,7
2023-11-27T13:53:00,1,6,0,7
2023-11-27T14:09:16,1,6,0,7
2023-11-27T14:25:24,1,6,0,7
2023-11-27T14:41:41,1,6,0,7
2023-11-27T14:57:47,1,6,0,7
2023-11-27T15:14:10,1,6,0,7
2023-11-27T15:30:16,1,6,0,7
2023-11-27T15:46:35,1,6,0,7
2023-11-27T16:02:40,1,6,0,7
2023-11-27T16:18:56,1,6,0,7
2023-11-27T16:35:05,1,6,0,7
2023-11-27T16:51:13,1,6,0,7
2023-11-27T17:07:35,1,6,0,7
2023-11-27T17:23:50,1,6,0,7
2023-11-27T17:39:56,1,6,0,7
2023-11-27T17:56:15,1,6,0,7
2023-11-27T18:12:30,1,6,0,7
2023-11-27T18:28:48,1,6,0,7
2023-11-27T18:44:57,1,6,0,7
2023-11-27T19:01:05,1,6,0,7
2023-11-27T19:17:23,1,6,0,7
2023-11-27T19:33:28,1,6,0,7
2023-11-27T19:49:31,1,6,0,7
2023-11-27T20:05:47,1,6,0,7
2023-11-27T20:21:50,1,6,0,7
2023-11-27T20:37:54,1,6,0,7
2023-11-27T20:54:08,1,6,0,7
2023-11-27T21:10:12,1,6,0,7
2023-11-27T21:26:15,1,6,0,7
2023-11-27T21:42:31,1,6,0,7
2023-11-27T21:58:33,1,6,0,7
2023-11-27T22:14:36,1,6,0,7
2023-11-27T22:30:39,1,6,0,7
2023-11-27T22:46:42,1,6,0,7
2023-11-27T23:02:57,1,6,0,7
2023-11-27T23:19:00,1,6,0,7
2023-11-27T23:35:04,1,6,0,7
2023-11-27T23:51:07,1,6,0,7
2023-11-28T00:07:23,1,6,0,7
2023-11-28T00:23:32,1,6,0,7
2023-11-28T00:39:40,1,6,0,7
2023-11-28T00:55:48,1,6,0,7
2023-11-28T01:11:56,1,6,0,7
2023-11-28T01:28:03,1,6,0,7
2023-11-28T01:44:12,1,6,0,7
2023-11-28T02:00:20,1,6,0,7
2023-11-28T02:16:26,1,6,0,7
2023-11-28T02:32:32,1,6,0,7
2023-11-28T02:48:48,1,6,0,7
2023-11-28T03:04:53,1,6,0,7
2023-11-28T03:20:59,1,6,0,7
2023-11-28T03:37:05,1,6,0,7
2023-11-28T03:53:11,1,6,0,7
2023-11-28T04:09:19,1,6,0,7
2023-11-28T04:38:33,1,6,0,7
2023-11-28T04:54:43,1,6,0,7
2023-11-28T05:10:51,1,6,0,7
2023-11-28T05:26:58,1,6,0,7
2023-11-28T05:43:05,1,6,0,7
2023-11-28T05:59:12,1,6,0,7
2023-11-28T06:15:25,1,6,0,7
2023-11-28T06:31:32,1,6,0,7
2023-11-28T06:47:38,1,6,0,7
2023-11-28T07:03:44,1,6,0,7
2023-11-28T07:19:49,1,6,0,7
2023-11-28T07:35:54,1,6,0,7
2023-11-28T07:51:58,1,6,0,7
2023-11-28T08:08:03,1,6,0,7
2023-11-28T08:24:25,1,6,0,7
2023-11-28T08:40:31,1,6,0,7
2023-11-28T08:56:35,1,6,0,7
2023-11-28T09:12:38,1,6,0,7
2023-11-28T09:28:41,1,6,0,7
2023-11-28T09:45:01,1,6,0,7
2023-11-28T10:01:05,1,6,0,7
2023-11-28T10:17:08,1,6,0,7
2023-11-28T10:33:11,1,6,0,7
2023-11-28T10:49:25,1,6,0,7
2023-11-28T11:05:29,1,6,0,7
2023-11-28T11:21:31,1,6,0,7
2023-11-28T11:37:54,1,6,0,7
2023-11-28T11:53:57,1,6,0,7
2023-11-28T12:10:12,1,6,0,7
2023-11-28T12:26:15,1,6,0,7
2023-11-28T12:42:19,1,6,0,7
2023-11-28T12:58:22,1,6,0,7
2023-11-28T13:14:37,1,6,0,7
2023-11-28T13:30:42,1,6,0,7
2023-11-28T13:47:14,1,6,0,7
2023-11-28T14:03:28,1,6,0,7
2023-11-28T14:19:24,1,6,0,7
2023-11-28T14:35:20,1,6,0,7
2023-11-28T14:51:27,1,6,0,7
2023-11-28T15:07:23,1,6,0,7
2023-11-28T15:23:20,1,6,0,7
2023-11-28T15:39:35,1,6,0,7
2023-11-28T15:55:32,1,6,0,7
2023-11-28T16:11:28,1,6,0,7
2023-11-28T16:27:35,1,6,0,7
2023-11-28T16:43:31,1,6,0,7
2023-11-28T16:59:32,1,6,0,7
2023-11-28T17:15:30,1,6,0,7
2023-11-28T17:31:37,1,6,0,7
2023-11-28T17:47:34,1,6,0,7
2023-11-28T18:03:31,1,6,0,7
2023-11-28T18:19:28,1,6,0,7
2023-11-28T18:35:44,1,6,0,7
2023-11-28T18:51:41,1,6,0,7
2023-11-28T19:07:39,1,6,0,7
2023-11-28T19:23:36,1,6,0,7
2023-11-28T19:39:33,1,6,0,7
2023-11-28T19:55:39,1,6,0,7
2023-11-28T20:11:36,1,6,0,7
2023-11-28T20:27:33,1,6,0,7
2023-11-28T20:43:32,1,6,0,7
2023-11-28T20:59:47,1,6,0,7
2023-11-28T21:15:44,1,6,0,7
2023-11-28T21:31:41,1,6,0,7
2023-11-28T21:47:38,1,6,0,7
2023-11-28T22:03:35,1,6,0,7
2023-11-28T22:19:41,1,6,0,7
2023-11-28T22:35:38,1,6,0,7
2023-11-28T22:51:35,1,6,0,7
2023-11-28T23:07:32,1,6,0,7
2023-11-28T23:23:30,1,6,0,7
2023-11-28T23:39:39,1,6,0,7
2023-11-28T23:55:36,1,6,0,7
2023-11-29T00:11:38,1,6,0,7
2023-11-29T00:27:44,1,6,0,7
2023-11-29T00:43:47,1,6,0,7
2023-11-29T00:59:50,1,6,0,7
2023-11-29T01:15:52,1,6,0,7
2023-11-29T01:32:03,1,6,0,7
2023-11-29T01:48:53,1,6,0,7
2023-11-29T02:04:55,1,6,0,7
2023-11-29T02:21:59,1,6,0,7
2023-11-29T02:38:16,1,6,0,7
2023-11-29T02:54:23,1,6,0,7
2023-11-29T03:10:31,1,6,0,7
2023-11-29T03:26:41,1,6,0,7
2023-11-29T03:43:21,1,6,0,7
2023-11-29T03:59:30,1,6,0,7
2023-11-29T04:33:35,1,6,0,7
2023-11-29T04:49:48,1,6,0,7
2023-11-29T05:05:58,1,6,0,7
2023-11-29T05:22:06,1,6,0,7
2023-11-29T05:38:16,1,6,0,7
2023-11-29T05:54:25,1,6,0,7
2023-11-29T06:10:35,1,6,0,7
2023-11-29T06:26:44,1,6,0,7
2023-11-29T06:42:52,1,6,0,7
2023-11-29T06:59:01,1,6,0,7
2023-11-29T07:15:10,1,6,0,7
2023-11-29T07:31:17,1,6,0,7
2023-11-29T07:47:27,1,6,0,7
2023-11-29T08:03:32,1,6,0,7
2023-11-29T08:19:47,1,6,0,7
2023-11-29T08:35:53,1,6,0,7
2023-11-29T08:51:58,1,6,0,7
2023-11-29T09:08:06,1,6,0,7
2023-11-29T09:24:11,1,6,0,7
2023-11-29T09:40:16,1,6,0,7
2023-11-29T09:56:21,1,6,0,7
2023-11-29T10:12:25,1,6,0,7
2023-11-29T10:28:39,1,6,0,7
2023-11-29T10:44:45,1,6,0,7
2023-11-29T11:00:51,1,6,0,7
2023-11-29T11:16:56,1,6,0,7
2023-11-29T11:33:14,1,6,0,7
2023-11-29T11:49:18,1,6,0,7
2023-11-29T12:05:24,1,6,0,7
2023-11-29T12:21:40,1,6,0,7
2023-11-29T12:37:45,1,6,0,7
2023-11-29T12:53:50,1,6,0,7
2023-11-29T13:09:55,1,6,0,7
2023-11-29T13:26:09,1,6,0,7
2023-11-29T13:42:14,1,6,0,7
2023-11-29T13:58:18,1,6,0,7
2023-11-29T14:14:33,1,6,0,7
2023-11-29T14:30:38,1,6,0,7
2023-11-29T14:46:42,1,6,0,7
2023-11-29T15:02:47,1,6,0,7
2023-11-29T15:19:04,1,6,0,7
2023-11-29T15:35:08,1,6,0,7
2023-11-29T15:51:23,1,6,0,7
2023-11-29T16:07:28,1,6,0,7
2023-11-29T16:23:33,1,6,0,7
2023-11-29T16:39:38,1,6,0,7
2023-11-29T16:55:53,1,6,0,7
2023-11-29T17:11:58,1,6,0,7
2023-11-29T17:28:03,1,6,0,7
2023-11-29T17:44:08,1,6,0,7
2023-11-29T18:00:24,1,6,0,7
2023-11-29T18:16:28,1,6,0,7
2023-11-29T18:32:33,1,6,0,7
2023-11-29T18:48:38,1,6,0,7
2023-11-29T19:04:44,1,6,0,7
2023-11-29T19:21:01,1,6,0,7
2023-11-29T19:37:06,1,6,0,7
2023-11-29T19:53:10,1,6,0,7
2023-11-29T20:09:15,1,6,0,7
2023-11-29T20:25:19,1,6,0,7
2023-11-29T20:41:33,1,6,0,7
2023-11-29T20:57:38,1,6,0,7
2023-11-29T21:13:43,1,6,0,7
2023-11-29T21:29:47,1,6,0,7
2023-11-29T21:45:52,1,6,0,7
2023-11-29T22:01:56,1,6,0,7
2023-11-29T22:18:12,1,6,0,7
2023-11-29T22:34:17,1,6,0,7
2023-11-29T22:50:22,1,6,0,7
2023-11-29T23:06:27,1,6,0,7
2023-11-29T23:22:32,1,6,0,7
2023-11-29T23:38:38,1,6,0,7
2023-11-29T23:54:43,1,6,0,7
2023-11-30T00:11:01,1,6,0,7
2023-11-30T00:27:18,1,6,0,7
2023-11-30T00:43:27,1,6,0,7
2023-11-30T00:59:38,1,6,0,7
2023-11-30T01:15:47,1,6,0,7
2023-11-30T01:31:58,1,6,0,7
2023-11-30T01:48:06,1,6,0,7
2023-11-30T02:04:17,1,6,0,7
2023-11-30T02:20:25,1,6,0,7
2023-11-30T02:36:32,1,6,0,7
2023-11-30T02:52:52,1,6,0,7
2023-11-30T03:08:59,1,6,0,7
2023-11-30T03:25:08,1,6,0,7
2023-11-30T03:41:15,1,6,0,7
2023-11-30T03:57:33,1,6,0,7
2023-11-30T04:15:47,1,6,0,7
2023-11-30T04:46:43,1,6,0,7
2023-11-30T05:02:55,1,6,0,7
2023-11-30T05:19:06,1,6,0,7
2023-11-30T05:35:15,1,6,0,7
2023-11-30T05:51:24,1,6,0,7
2023-11-30T06:07:36,1,6,0,7
2023-11-30T06:23:44,1,6,0,7
2023-11-30T06:39:53,1,6,0,7
2023-11-30T06:56:01,1,6,0,7
2023-11-30T07:12:12,1,6,0,7
2023-11-30T07:28:18,1,6,0,7
2023-11-30T07:44:24,1,6,0,7
2023-11-30T08:00:31,1,6,0,7
2023-11-30T08:16:37,1,6,0,7
2023-11-30T08:32:52,1,6,0,7
2023-11-30T08:48:57,1,6,0,7
2023-11-30T09:05:02,1,6,0,7
2023-11-30T09:21:09,1,6,0,7
2023-11-30T09:37:14,1,6,0,7
2023-11-30T09:53:18,1,6,0,7
2023-11-30T10:09:23,1,6,0,7
2023-11-30T10:25:39,1,6,0,7
2023-11-30T10:41:45,1,6,0,7
2023-11-30T10:57:52,1,6,0,7
2023-11-30T11:13:58,1,6,0,7
2023-11-30T11:30:04,1,6,0,7
2023-11-30T11:46:22,1,6,0,7
2023-11-30T12:02:30,1,6,0,7
2023-11-30T12:18:35,1,6,0,7
2023-11-30T12:34:42,1,6,0,7
2023-11-30T12:50:58,1,6,0,7
2023-11-30T13:07:04,1,6,0,7
2023-11-30T13:23:11,1,6,0,7
2023-11-30T13:39:17,1,6,0,7
2023-11-30T13:55:33,1,6,0,7
2023-11-30T14:11:40,1,6,0,7
2023-11-30T14:27:45,1,6,0,7
2023-11-30T14:43:51,1,6,0,7
2023-11-30T14:59:57,1,6,0,7
2023-11-30T15:16:15,1,6,0,7
2023-11-30T15:32:21,1,6,0,7
2023-11-30T15:48:28,1,6,0,7
2023-11-30T16:04:44,1,6,0,7
2023-11-30T16:20:51,1,6,0,7
2023-11-30T16:36:57,1,6,0,7
2023-11-30T16:53:04,1,6,0,7
2023-11-30T17:09:21,1,6,0,7
2023-11-30T17:25:29,1,6,0,7
2023-11-30T17:41:35,1,6,0,7
2023-11-30T17:57:41,1,6,0,7
2023-11-30T18:13:59,1,6,0,7
2023-11-30T18:30:05,1,6,0,7
2023-11-30T18:46:11,1,6,0,7
2023-11-30T19:02:18,1,6,0,7
2023-11-30T19:18:25,1,6,0,7
2023-11-30T19:34:31,1,6,0,7
2023-11-30T19:50:37,1,6,0,7
2023-11-30T20:06:54,1,6,0,7
2023-11-30T20:23:00,1,6,0,7
2023-11-30T20:39:06,1,6,0,7
2023-11-30T20:55:12,1,6,0,7
2023-11-30T21:11:19,1,6,0,7
2023-11-30T21:27:24,1,6,0,7
2023-11-30T21:43:41,1,6,0,7
2023-11-30T21:59:47,1,6,0,7
2023-11-30T22:15:53,1,6,0,7
2023-11-30T22:32:09,1,6,0,7
2023-11-30T22:48:16,1,6,0,7
2023-11-30T23:04:24,1,6,0,7
2023-11-30T23:20:31,1,6,0,7
2023-11-30T23:36:37,1,6,0,7
2023-11-30T23:52:55,1,6,0,7
2023-12-01T00:09:03,1,6,0,7
2023-12-01T00:25:17,1,6,0,7
2023-12-01T00:41:29,1,6,0,7
2023-12-01T00:57:40,1,6,0,7
2023-12-01T01:13:52,1,6,0,7
2023-12-01T01:30:03,1,6,0,7
2023-12-01T01:47:32,1,6,0,7
2023-12-01T02:03:44,1,6,0,7
2023-12-01T02:19:54,1,6,0,7
2023-12-01T02:36:04,1,6,0,7
2023-12-01T02:52:13,1,6,0,7
2023-12-01T03:08:24,1,6,0,7
2023-12-01T03:24:46,1,6,0,7
2023-12-01T03:40:57,1,6,0,7
2023-12-01T03:57:08,1,6,0,7
2023-12-01T04:45:06,1,6,0,7
2023-12-01T05:01:19,1,6,0,7
2023-12-01T05:17:33,1,6,0,7
2023-12-01T05:33:44,1,6,0,7
2023-12-01T05:49:56,1,6,0,7
2023-12-01T06:06:09,1,6,0,7
2023-12-01T06:22:21,1,6,0,7
2023-12-01T06:38:34,1,6,0,7
2023-12-01T06:54:45,1,6,0,7
2023-12-01T07:10:56,1,6,0,7
2023-12-01T07:27:06,1,6,0,7
2023-12-01T07:43:16,1,6,0,7
2023-12-01T07:59:26,1,6,0,7
2023-12-01T08:15:34,1,6,0,7
2023-12-01T08:31:47,1,6,0,7
2023-12-01T08:48:04,1,6,0,7
2023-12-01T09:04:10,1,6,0,7
2023-12-01T09:20:17,1,6,0,7
2023-12-01T09:36:23,1,6,0,7
2023-12-01T09:52:30,1,6,0,7
2023-12-01T10:08:37,1,6,0,7
2023-12-01T10:24:44,1,6,0,7
2023-12-01T10:40:50,1,6,0,7
2023-12-01T10:57:08,1,6,0,7
2023-12-01T11:13:15,1,6,0,7
2023-12-01T11:29:22,1,6,0,7
2023-12-01T11:45:29,1,6,0,7
2023-12-01T12:01:37,1,6,0,7
2023-12-01T12:17:55,1,6,0,7
2023-12-01T12:34:03,1,6,0,7
2023-12-01T12:50:10,1,6,0,7
2023-12-01T13:06:17,1,6,0,7
2023-12-01T13:22:23,1,6,0,7
2023-12-01T13:38:44,1,6,0,7
2023-12-01T13:54:51,1,6,0,7
2023-12-01T14:10:59,1,6,0,7
2023-12-01T14:27:06,1,6,0,7
2023-12-01T14:43:14,1,6,0,7
2023-12-01T14:59:33,1,6,0,7
2023-12-01T15:15:41,1,6,0,7
2023-12-01T15:31:49,1,6,0,7
2023-12-01T15:47:56,1,6,0,7
2023-12-01T16:04:04,1,6,0,7
2023-12-01T16:20:22,1,6,0,7
2023-12-01T16:36:29,1,6,0,7
2023-12-01T16:52:36,1,6,0,7
2023-12-01T17:08:44,1,6,0,7
2023-12-01T17:24:51,1,6,0,7
2023-12-01T17:40:58,1,6,0,7
2023-12-01T17:57:16,1,6,0,7
2023-12-01T18:13:23,1,6,0,7
2023-12-01T18:29:32,1,6,0,7
2023-12-01T18:45:39,1,6,0,7
2023-12-01T19:01:58,1,6,0,7
2023-12-01T19:18:16,1,6,0,7
2023-12-01T19:34:34,1,6,0,7
2023-12-01T19:51:03,1,6,0,7
2023-12-01T20:07:49,1,6,0,7
2023-12-01T20:23:58,1,6,0,7
2023-12-01T20:40:15,1,6,0,7
2023-12-01T20:56:22,1,6,0,7
2023-12-01T21:12:29,1,6,0,7
2023-12-01T21:28:36,1,6,0,7
2023-12-01T21:44:43,1,6,0,7
2023-12-01T22:00:50,1,6,0,7
2023-12-01T22:16:58,1,6,0,7
2023-12-01T22:33:05,1,6,0,7
2023-12-01T22:49:12,1,6,0,7
2023-12-01T23:05:30,1,6,0,7
2023-12-01T23:21:38,1,6,0,7
2023-12-01T23:37:45,1,6,0,7
2023-12-01T23:53:54,1,6,0,7
2023-12-02T00:10:04,1,6,0,7
2023-12-02T00:26:23,1,6,0,7
2023-12-02T00:42:36,1,6,0,7
2023-12-02T00:58:50,1,6,0,7
2023-12-02T01:15:02,1,6,0,7
2023-12-02T01:31:13,1,6,0,7
2023-12-02T01:47:26,1,6,0,7
2023-12-02T02:03:42,1,6,0,7
2023-12-02T02:19:54,1,6,0,7
2023-12-02T02:36:03,1,6,0,7
2023-12-02T02:52:12,1,6,0,7
2023-12-02T03:08:21,1,6,0,7
2023-12-02T03:24:50,1,6,0,7
2023-12-02T03:41:02,1,6,0,7
2023-12-02T03:57:14,1,6,0,7
2023-12-02T04:39:38,1,6,0,7
2023-12-02T04:56:09,1,6,0,7
2023-12-02T05:12:22,1,6,0,7
2023-12-02T05:28:34,1,6,0,7
2023-12-02T05:44:45,1,6,0,7
2023-12-02T06:00:57,1,6,0,7
2023-12-02T06:17:08,1,6,0,7
2023-12-02T06:33:19,1,6,0,7
2023-12-02T06:49:29,1,6,0,7
2023-12-02T07:05:39,1,6,0,7
2023-12-02T07:21:51,1,6,0,7
2023-12-02T07:38:00,1,6,0,7
2023-12-02T07:54:09,1,6,0,7
2023-12-02T08:10:36,1,6,0,7
2023-12-02T08:26:46,1,6,0,7
2023-12-02T08:42:59,1,6,0,7
2023-12-02T08:59:09,1,6,0,7
2023-12-02T09:15:17,1,6,0,7
2023-12-02T09:31:24,1,6,0,7
2023-12-02T09:47:38,1,6,0,7
2023-12-02T10:03:50,1,6,0,7
2023-12-02T10:20:00,1,6,0,7
2023-12-02T10:36:11,1,6,0,7
2023-12-02T10:52:21,1,6,0,7
2023-12-02T11:08:39,1,6,0,7
2023-12-02T11:24:48,1,6,0,7
2023-12-02T11:40:59,1,6,0,7
2023-12-02T11:57:08,1,6,0,7
2023-12-02T12:13:16,1,6,0,7
2023-12-02T12:29:27,1,6,0,7
2023-12-02T12:45:36,1,6,0,7
2023-12-02T13:02:30,1,6,0,7
2023-12-02T13:18:39,1,6,0,7
2023-12-02T13:35:06,1,6,0,7
2023-12-02T13:51:15,1,6,0,7
2023-12-02T14:07:22,1,6,0,7
2023-12-02T14:23:28,1,6,0,7
2023-12-02T14:39:36,1,6,0,7
2023-12-02T14:55:43,1,6,0,7
2023-12-02T15:11:50,1,6,0,7
2023-12-02T15:27:57,1,6,0,7
2023-12-02T15:44:14,1,6,0,7
2023-12-02T16:00:21,1,6,0,7
2023-12-02T16:16:28,1,6,0,7
2023-12-02T16:32:34,1,6,0,7
2023-12-02T16:48:41,1,6,0,7
2023-12-02T17:04:48,1,6,0,7
2023-12-02T17:20:57,1,6,0,7
2023-12-02T17:37:03,1,6,0,7
2023-12-02T17:53:10,1,6,0,7
2023-12-02T18:09:38,1,6,0,7
2023-12-02T18:25:45,1,6,0,7
2023-12-02T18:41:51,1,6,0,7
2023-12-02T18:57:58,1,6,0,7
2023-12-02T19:14:06,1,6,0,7
2023-12-02T19:30:13,1,6,0,7
2023-12-02T19:46:20,1,6,0,7
2023-12-02T20:02:27,1,6,0,7
2023-12-02T20:18:34,1,6,0,7
2023-12-02T20:34:41,1,6,0,7
2023-12-02T20:50:58,1,6,0,7
2023-12-02T21:07:04,1,6,0,7
2023-12-02T21:23:11,1,6,0,7
2023-12-02T21:39:19,1,6,0,7
2023-12-02T21:55:26,1,6,0,7
2023-12-02T22:11:33,1,6,0,7
2023-12-02T22:27:40,1,6,0,7
2023-12-02T22:43:47,1,6,0,7
2023-12-02T22:59:54,1,6,0,7
2023-12-02T23:16:02,1,6,0,7
2023-12-02T23:32:27,1,6,0,7
2023-12-02T23:48:34,1,6,0,7
2023-12-03T00:04:42,1,6,0,7
2023-12-03T00:20:56,1,6,0,7
2023-12-03T00:37:08,1,6,0,7
2023-12-03T00:53:17,1,6,0,7
2023-12-03T01:09:26,1,6,0,7
2023-12-03T01:25:34,1,6,0,7
2023-12-03T01:41:41,1,6,0,7
2023-12-03T01:57:49,1,6,0,7
2023-12-03T02:13:56,1,6,0,7
2023-12-03T02:30:12,1,6,0,7
2023-12-03T02:46:25,1,6,0,7
2023-12-03T03:02:37,1,6,0,7
2023-12-03T03:18:56,1,6,0,7
2023-12-03T03:35:12,1,6,0,7
2023-12-03T03:51:26,1,6,0,7
2023-12-03T04:07:39,1,6,0,7
2023-12-03T04:33:28,1,6,0,7
2023-12-03T04:50:54,1,6,0,7
2023-12-03T05:07:32,1,6,0,7
2023-12-03T05:23:50,1,6,0,7
2023-12-03T05:40:06,1,6,0,7
2023-12-03T05:56:20,1,6,0,7
2023-12-03T06:12:37,1,6,0,7
2023-12-03T06:28:51,1,6,0,7
2023-12-03T06:45:03,1,6,0,7
2023-12-03T07:01:16,1,6,0,7
2023-12-03T07:17:28,1,6,0,7
2023-12-03T07:33:40,1,6,0,7
2023-12-03T07:49:51,1,6,0,7
2023-12-03T08:06:08,1,6,0,7
2023-12-03T08:22:27,1,6,0,7
2023-12-03T08:38:38,1,6,0,7
2023-12-03T08:54:49,1,6,0,7
2023-12-03T09:11:00,1,6,0,7
2023-12-03T09:27:15,1,6,0,7
2023-12-03T09:43:29,1,6,0,7
2023-12-03T09:59:40,1,6,0,7
2023-12-03T10:15:56,1,6,0,7
2023-12-03T10:32:06,1,6,0,7
2023-12-03T10:48:16,1,6,0,7
2023-12-03T11:04:29,1,6,0,7
2023-12-03T11:20:38,1,6,0,7
2023-12-03T11:36:46,1,6,0,7
2023-12-03T11:52:55,1,6,0,7
2023-12-03T12:09:12,1,6,0,7
2023-12-03T12:25:19,1,6,0,7
2023-12-03T12:41:26,1,6,0,7
2023-12-03T12:57:34,1,6,0,7
2023-12-03T13:13:41,1,6,0,7
2023-12-03T13:29:48,1,6,0,7
2023-12-03T13:45:56,1,6,0,7
2023-12-03T14:02:03,1,6,0,7
2023-12-03T14:18:18,1,6,0,7
2023-12-03T14:34:25,1,6,0,7
2023-12-03T14:50:32,1,6,0,7
2023-12-03T15:06:41,1,6,0,7
2023-12-03T15:22:48,1,6,0,7
2023-12-03T15:38:55,1,6,0,7
2023-12-03T15:55:02,1,6,0,7
2023-12-03T16:11:10,1,6,0,7
2023-12-03T16:27:28,1,6,0,7
2023-12-03T16:43:36,1,6,0,7
2023-12-03T16:59:43,1,6,0,7
2023-12-03T17:15:51,1,6,0,7
2023-12-03T17:31:58,1,6,0,7
2023-12-03T17:48:05,1,6,0,7
2023-12-03T18:04:12,1,6,0,7
2023-12-03T18:20:19,1,6,0,7
2023-12-03T18:43:17,1,6,0,7
2023-12-03T18:59:25,1,6,0,7
2023-12-03T19:15:36,1,6,0,7
2023-12-03T19:31:43,1,6,0,7
2023-12-03T19:47:51,1,6,0,7
2023-12-03T20:03:58,1,6,0,7
2023-12-03T20:20:05,1,6,0,7
2023-12-03T20:36:21,1,6,0,7
2023-12-03T20:52:28,1,6,0,7
2023-12-03T21:08:35,1,6,0,7
2023-12-03T21:24:43,1,6,0,7
2023-12-03T21:40:52,1,6,0,7
2023-12-03T21:57:01,1,6,0,7
2023-12-03T22:13:09,1,6,0,7
2023-12-03T22:29:16,1,6,0,7
2023-12-03T22:45:23,1,6,0,7
2023-12-03T23:01:41,1,6,0,7
2023-12-03T23:17:50,1,6,0,7
2023-12-03T23:33:58,1,6,0,7
2023-12-03T23:50:06,1,6,0,7
2023-12-04T00:06:16,1,6,0,7
2023-12-04T00:22:29,1,6,0,7
2023-12-04T00:38:45,1,6,0,7
2023-12-04T00:54:57,1,6,0,7
2023-12-04T01:11:08,1,6,0,7
2023-12-04T01:27:29,1,6,0,7
2023-12-04T01:43:41,1,6,0,7
2023-12-04T01:59:53,1,6,0,7
2023-12-04T02:16:16,1,6,0,7
2023-12-04T02:32:26,1,6,0,7
2023-12-04T02:48:36,1,6,0,7
2023-12-04T03:04:46,1,6,0,7
2023-12-04T03:20:59,1,6,0,7
2023-12-04T03:37:20,1,6,0,7
2023-12-04T03:53:31,1,6,0,7
2023-12-04T04:34:11,1,6,0,7
2023-12-04T04:51:50,1,6,0,7
2023-12-04T05:08:07,1,6,0,7
2023-12-04T05:24:21,1,6,0,7
2023-12-04T05:40:36,1,6,0,7
2023-12-04T05:56:48,1,6,0,7
2023-12-04T06:13:00,1,6,0,7
2023-12-04T06:29:12,1,6,0,7
2023-12-04T06:45:23,1,6,0,7
2023-12-04T07:01:34,1,6,0,7
2023-12-04T07:17:43,1,6,0,7
2023-12-04T07:33:55,1,6,0,7
2023-12-04T07:50:06,1,6,0,7
2023-12-04T08:06:17,1,6,0,7
2023-12-04T08:22:34,1,6,0,7
2023-12-04T08:38:52,1,6,0,7
2023-12-04T08:55:00,1,6,0,7
2023-12-04T09:11:07,1,6,0,7
2023-12-04T09:27:15,1,6,0,7
2023-12-04T09:43:24,1,6,0,7
2023-12-04T09:59:32,1,6,0,7
2023-12-04T10:15:39,1,6,0,7
2023-12-04T10:31:57,1,6,0,7
2023-12-04T10:48:10,1,6,0,7
2023-12-04T11:04:18,1,6,0,7
2023-12-04T11:20:27,1,6,0,7
2023-12-04T11:36:35,1,6,0,7
2023-12-04T11:52:54,1,6,0,7
2023-12-04T12:09:09,1,6,0,7
2023-12-04T12:25:16,1,6,0,7
2023-12-04T12:41:37,1,6,0,7
2023-12-04T12:57:47,1,6,0,7
2023-12-04T13:13:59,1,6,0,7
2023-12-04T13:30:19,1,6,0,7
2023-12-04T13:46:29,1,6,0,7
2023-12-04T14:02:43,1,6,0,7
2023-12-04T14:19:08,1,6,0,7
2023-12-04T14:35:21,1,6,0,7
2023-12-04T14:51:33,1,6,0,7
2023-12-04T15:07:58,1,6,0,7
2023-12-04T15:24:11,1,6,0,7
2023-12-04T15:40:26,1,6,0,7
2023-12-04T15:56:40,1,6,0,7
2023-12-04T16:13:08,1,6,0,7
2023-12-04T16:29:21,1,6,0,7
2023-12-04T16:45:33,1,6,0,7
2023-12-04T17:01:46,1,6,0,7
2023-12-04T17:18:12,1,6,0,7
2023-12-04T17:34:26,1,6,0,7
2023-12-04T17:50:39,1,6,0,7
2023-12-04T18:07:02,1,6,0,7
2023-12-04T18:23:15,1,6,0,7
2023-12-04T18:39:28,1,6,0,7
2023-12-04T18:55:42,1,6,0,7
2023-12-04T19:12:05,1,6,0,7
2023-12-04T19:28:19,1,6,0,7
2023-12-04T19:44:33,1,6,0,7
2023-12-04T20:00:46,1,6,0,7
2023-12-04T20:16:59,1,6,0,7
2023-12-04T20:33:25,1,6,0,7
2023-12-04T20:49:39,1,6,0,7
2023-12-04T21:05:53,1,6,0,7
2023-12-04T21:22:06,1,6,0,7
2023-12-04T21:38:19,1,6,0,7
2023-12-04T21:54:44,1,6,0,7
2023-12-04T22:10:58,1,6,0,7
2023-12-04T22:27:11,1,6,0,7
2023-12-04T22:43:25,1,6,0,7
2023-12-04T22:59:38,2,5,0,7
2023-12-04T23:15:53,2,5,0,7
2023-12-04T23:32:07,2,5,0,7
2023-12-04T23:48:31,2,5,0,7
2023-12-05T00:04:48,2,5,0,7
2023-12-05T00:21:06,2,5,0,7
2023-12-05T00:37:24,2,5,0,7
2023-12-05T00:53:44,2,5,0,7
2023-12-05T01:10:05,2,5,0,7
2023-12-05T01:26:24,2,5,0,7
2023-12-05T01:42:42,2,5,0,7
2023-12-05T01:58:59,2,5,0,7
2023-12-05T02:15:27,2,5,0,7
2023-12-05T02:31:43,2,5,0,7
2023-12-05T02:48:00,2,5,0,7
2023-12-05T03:04:16,2,5,0,7
2023-12-05T03:20:34,2,5,0,7
2023-12-05T03:36:50,2,5,0,7
2023-12-05T03:53:07,2,5,0,7
2023-12-05T04:09:24,2,5,0,7
2023-12-05T04:39:27,2,5,0,7
2023-12-05T04:55:48,2,5,0,7
2023-12-05T05:12:08,2,5,0,7
2023-12-05T05:28:28,2,5,0,7
2023-12-05T05:44:46,2,5,0,7
2023-12-05T06:01:04,2,5,0,7
2023-12-05T06:17:27,2,5,0,7
2023-12-05T06:33:43,2,5,0,7
2023-12-05T06:50:00,2,5,0,7
2023-12-05T07:06:17,2,5,0,7
2023-12-05T07:22:43,2,5,0,7
2023-12-05T07:38:59,2,5,0,7
2023-12-05T07:55:13,2,5,0,7
2023-12-05T08:11:29,2,5,0,7
2023-12-05T08:27:47,2,5,0,7
2023-12-05T08:44:04,2,5,0,7
2023-12-05T09:00:20,2,5,0,7
2023-12-05T09:16:36,2,5,0,7
2023-12-05T09:32:54,2,5,0,7
2023-12-05T09:49:22,2,5,0,7
2023-12-05T10:05:38,2,5,0,7
2023-12-05T10:21:53,2,5,0,7
2023-12-05T10:38:08,2,5,0,7
2023-12-05T10:54:24,2,5,0,7
2023-12-05T11:10:49,2,5,0,7
2023-12-05T11:27:04,2,5,0,7
2023-12-05T11:43:18,2,5,0,7
2023-12-05T11:59:31,2,5,0,7
2023-12-05T12:15:58,2,5,0,7
2023-12-05T12:32:11,2,5,0,7
2023-12-05T12:48:25,2,5,0,7
2023-12-05T13:04:37,2,5,0,7
2023-12-05T13:21:00,2,5,0,7
2023-12-05T13:37:13,2,5,0,7
2023-12-05T13:53:26,2,5,0,7
2023-12-05T14:09:39,2,5,0,7
2023-12-05T14:25:53,2,5,0,7
2023-12-05T14:42:18,2,5,0,7
2023-12-05T14:58:32,2,5,0,7
2023-12-05T15:14:46,2,5,0,7
2023-12-05T15:31:00,2,5,0,7
2023-12-05T15:47:25,2,5,0,7
2023-12-05T16:03:39,2,5,0,7
2023-12-05T16:19:55,2,5,0,7
2023-12-05T16:36:10,2,5,0,7
2023-12-05T16:52:25,2,5,0,7
2023-12-05T17:08:50,2,5,0,7
2023-12-05T17:25:05,2,5,0,7
2023-12-05T17:41:20,2,5,0,7
2023-12-05T17:57:35,2,5,0,7
2023-12-05T18:13:50,2,5,0,7
2023-12-05T18:30:06,2,5,0,7
2023-12-05T18:46:32,2,5,0,7
2023-12-05T19:02:47,2,5,0,7
2023-12-05T19:19:03,2,5,0,7
2023-12-05T19:35:18,2,5,0,7
2023-12-05T19:51:34,2,5,0,7
2023-12-05T20:07:51,2,5,0,7
2023-12-05T20:24:07,2,5,0,7
2023-12-05T20:40:33,2,5,0,7
2023-12-05T20:56:48,2,5,0,7
2023-12-05T21:13:04,2,5,0,7
2023-12-05T21:29:19,2,5,0,7
2023-12-05T21:45:35,2,5,0,7
2023-12-05T22:01:50,2,5,0,7
2023-12-05T22:18:15,2,5,0,7
2023-12-05T22:34:31,2,5,0,7
2023-12-05T22:50:46,2,5,0,7
2023-12-05T23:07:03,2,5,0,7
2023-12-05T23:23:18,2,5,0,7
2023-12-05T23:39:35,2,5,0,7
2023-12-05T23:55:51,2,5,0,7
2023-12-06T00:12:10,2,5,0,7
2023-12-06T00:28:32,2,5,0,7
2023-12-06T00:45:03,2,5,0,7
2023-12-06T01:01:23,2,5,0,7
2023-12-06T01:17:44,2,5,0,7
2023-12-06T01:34:04,2,5,0,7
2023-12-06T01:50:23,2,5,0,7
2023-12-06T02:06:45,2,5,0,7
2023-12-06T02:23:03,2,5,0,7
2023-12-06T02:39:22,2,5,0,7
2023-12-06T02:55:39,2,5,0,7
2023-12-06T03:11:59,2,5,0,7
2023-12-06T03:28:30,2,5,0,7
2023-12-06T03:45:00,2,5,0,7
2023-12-06T04:01:21,2,5,0,7
2023-12-06T04:43:20,2,5,0,7
2023-12-06T04:59:41,2,5,0,7
2023-12-06T05:17:35,2,5,0,7
2023-12-06T05:34:01,2,5,0,7
2023-12-06T05:50:22,2,5,0,7
2023-12-06T06:06:45,2,5,0,7
2023-12-06T06:23:05,2,5,0,7
2023-12-06T06:39:25,2,5,0,7
2023-12-06T06:55:46,2,5,0,7
2023-12-06T07:12:04,2,5,0,7
2023-12-06T07:28:22,2,5,0,7
2023-12-06T07:44:39,2,5,0,7
2023-12-06T08:00:55,2,5,0,7
2023-12-06T08:17:13,2,5,0,7
2023-12-06T08:33:34,2,5,0,7
2023-12-06T08:49:51,2,5,0,7
2023-12-06T09:06:06,2,5,0,7
2023-12-06T09:22:30,2,5,0,7
2023-12-06T09:38:44,2,5,0,7
2023-12-06T09:54:58,2,5,0,7
2023-12-06T10:11:13,2,5,0,7
2023-12-06T10:27:27,2,5,0,7
2023-12-06T10:43:42,2,5,0,7
2023-12-06T11:00:09,2,5,0,7
2023-12-06T11:16:24,2,5,0,7
2023-12-06T11:32:38,2,5,0,7
2023-12-06T11:49:03,2,5,0,7
2023-12-06T12:05:22,2,5,0,7
2023-12-06T12:21:36,2,5,0,7
2023-12-06T12:38:02,2,5,0,7
2023-12-06T12:54:16,2,5,0,7
2023-12-06T13:10:30,2,5,0,7
2023-12-06T13:26:44,2,5,0,7
2023-12-06T13:43:10,2,5,0,7
2023-12-06T13:59:25,2,5,0,7
2023-12-06T14:15:40,2,5,0,7
2023-12-06T14:31:56,2,5,0,7
2023-12-06T14:48:22,2,5,0,7
2023-12-06T15:04:42,2,5,0,7
2023-12-06T15:20:58,2,5,0,7
2023-12-06T15:37:23,2,5,0,7
2023-12-06T15:53:39,2,5,0,7
2023-12-06T16:09:54,2,5,0,7
2023-12-06T16:26:10,2,5,0,7
2023-12-06T16:42:25,2,5,0,7
2023-12-06T16:58:52,2,5,0,7
2023-12-06T17:15:09,2,5,0,7
2023-12-06T17:31:24,2,5,0,7
2023-12-06T17:47:39,2,5,0,7
2023-12-06T18:03:55,2,5,0,7
2023-12-06T18:23:37,2,5,0,7
2023-12-06T18:39:53,2,5,0,7
2023-12-06T18:56:09,2,5,0,7
2023-12-06T19:12:26,2,5,0,7
2023-12-06T19:28:42,2,5,0,7
2023-12-06T19:44:58,2,5,0,7
2023-12-06T20:01:23,2,5,0,7
2023-12-06T20:17:42,2,5,0,7
2023-12-06T20:33:58,2,5,0,7
2023-12-06T20:50:14,2,5,0,7
2023-12-06T21:06:30,2,5,0,7
2023-12-06T21:22:46,2,5,0,7
2023-12-06T21:39:01,2,5,0,7
2023-12-06T21:55:28,2,5,0,7
2023-12-06T22:11:44,2,5,0,7
2023-12-06T22:28:01,2,5,0,7
2023-12-06T22:44:18,2,5,0,7
2023-12-06T23:00:34,2,5,0,7
2023-12-06T23:16:50,2,5,0,7
2023-12-06T23:33:07,2,5,0,7
2023-12-06T23:49:36,2,5,0,7
2023-12-07T00:05:53,2,5,0,7
2023-12-07T00:22:18,2,5,0,7
2023-12-07T00:38:37,2,5,0,7
2023-12-07T00:54:56,2,5,0,7
2023-12-07T01:11:14,2,5,0,7
2023-12-07T01:27:34,2,5,0,7
2023-12-07T01:43:54,2,5,0,7
2023-12-07T02:00:15,2,5,0,7
2023-12-07T02:16:34,2,5,0,7
2023-12-07T02:33:01,2,5,0,7
2023-12-07T02:49:31,2,5,0,7
2023-12-07T03:05:50,2,5,0,7
2023-12-07T03:22:10,2,5,0,7
2023-12-07T03:38:28,2,5,0,7
2023-12-07T03:54:46,2,5,0,7
2023-12-07T04:13:06,2,5,0,7
2023-12-07T04:42:40,2,5,0,7
2023-12-07T04:59:02,2,5,0,7
2023-12-07T05:15:36,2,5,0,7
2023-12-07T05:31:56,2,5,0,7
2023-12-07T05:48:24,2,5,0,7
2023-12-07T06:04:45,2,5,0,7
2023-12-07T06:21:16,2,5,0,7
2023-12-07T06:37:35,2,5,0,7
2023-12-07T06:53:54,2,5,0,7
2023-12-07T07:10:12,2,5,0,7
2023-12-07T07:26:41,2,5,0,7
2023-12-07T07:42:59,2,5,0,7
2023-12-07T07:59:16,2,5,0,7
2023-12-07T08:15:35,2,5,0,7
2023-12-07T08:31:53,2,5,0,7
2023-12-07T08:48:20,2,5,0,7
2023-12-07T09:04:37,2,5,0,7
2023-12-07T09:20:55,2,5,0,7
2023-12-07T09:37:21,2,5,0,7
2023-12-07T09:53:37,2,5,0,7
2023-12-07T10:09:53,2,5,0,7
2023-12-07T10:26:12,2,5,0,7
2023-12-07T10:42:37,2,5,0,7
2023-12-07T10:58:53,2,5,0,7
2023-12-07T11:15:09,2,5,0,7
2023-12-07T11:31:35,2,5,0,7
2023-12-07T11:47:51,2,5,0,7
2023-12-07T12:04:16,2,5,0,7
2023-12-07T12:20:31,2,5,0,7
2023-12-07T12:36:58,2,5,0,7
2023-12-07T12:53:14,2,5,0,7
2023-12-07T13:09:30,2,5,0,7
2023-12-07T13:25:46,2,5,0,7
2023-12-07T13:42:02,2,5,0,7
2023-12-07T13:58:28,2,5,0,7
2023-12-07T14:14:44,2,5,0,7
2023-12-07T14:30:59,2,5,0,7
2023-12-07T14:47:15,2,5,0,7
2023-12-07T15:03:35,2,5,0,7
2023-12-07T15:20:02,2,5,0,7
2023-12-07T15:36:18,2,5,0,7
2023-12-07T15:52:35,2,5,0,7
2023-12-07T16:09:03,2,5,0,7
2023-12-07T16:25:20,2,5,0,7
2023-12-07T16:41:37,2,5,0,7
2023-12-07T16:57:53,2,5,0,7
2023-12-07T17:14:20,2,5,0,7
2023-12-07T17:30:37,2,5,0,7
2023-12-07T17:46:55,2,5,0,7
2023-12-07T18:03:12,2,5,0,7
2023-12-07T18:19:29,2,5,0,7
2023-12-07T18:35:45,2,5,0,7
2023-12-07T18:52:12,2,5,0,7
2023-12-07T19:08:29,2,5,0,7
2023-12-07T19:24:46,2,5,0,7
2023-12-07T19:41:03,2,5,0,7
2023-12-07T19:57:19,2,5,0,7
2023-12-07T20:13:36,2,5,0,7
2023-12-07T20:29:53,2,5,0,7
2023-12-07T20:46:21,2,5,0,7
2023-12-07T21:02:38,2,5,0,7
2023-12-07T21:18:56,2,5,0,7
2023-12-07T21:35:13,2,5,0,7
2023-12-07T21:51:30,2,5,0,7
2023-12-07T22:07:47,2,5,0,7
2023-12-07T22:24:05,2,5,0,7
2023-12-07T22:40:32,2,5,0,7
2023-12-07T22:56:49,2,5,0,7
2023-12-07T23:13:08,2,5,0,7
2023-12-07T23:29:25,2,5,0,7
2023-12-07T23:45:43,2,5,0,7
2023-12-08T00:02:01,2,5,0,7
2023-12-08T00:18:28,2,5,0,7
2023-12-08T00:34:48,2,5,0,7
2023-12-08T00:51:19,2,5,0,7
2023-12-08T01:07:40,2,5,0,7
2023-12-08T01:24:02,2,5,0,7
2023-12-08T01:40:25,2,5,0,7
2023-12-08T01:56:48,2,5,0,7
2023-12-08T02:13:11,2,5,0,7
2023-12-08T02:29:31,2,5,0,7
2023-12-08T02:45:50,2,5,0,7
2023-12-08T03:02:09,2,5,0,7
2023-12-08T03:18:42,2,5,0,7
2023-12-08T03:35:09,2,5,0,7
2023-12-08T03:51:30,2,5,0,7
2023-12-08T04:07:52,2,5,0,7
2023-12-08T04:35:06,2,5,0,7
2023-12-08T04:51:31,2,5,0,7
2023-12-08T05:07:54,2,5,0,7
2023-12-08T05:24:15,2,5,0,7
2023-12-08T05:40:36,2,5,0,7
2023-12-08T05:56:57,2,5,0,7
2023-12-08T06:13:23,2,5,0,7
2023-12-08T06:29:44,2,5,0,7
2023-12-08T06:46:05,2,5,0,7
2023-12-08T07:02:26,2,5,0,7
2023-12-08T07:18:50,2,5,0,7
2023-12-08T07:35:12,2,5,0,7
2023-12-08T07:51:35,2,5,0,7
2023-12-08T08:07:55,2,5,0,7
2023-12-08T08:24:15,2,5,0,7
2023-12-08T08:40:50,2,5,0,7
2023-12-08T08:57:19,2,5,0,7
2023-12-08T09:13:37,2,5,0,7
2023-12-08T09:29:54,2,5,0,7
2023-12-08T09:46:11,2,5,0,7
2023-12-08T10:02:29,2,5,0,7
2023-12-08T10:18:46,2,5,0,7
2023-12-08T10:35:04,2,5,0,7
2023-12-08T10:51:22,2,5,0,7
2023-12-08T11:07:50,2,5,0,7
2023-12-08T11:24:07,2,5,0,7
2023-12-08T11:40:25,2,5,0,7
2023-12-08T11:56:43,2,5,0,7
2023-12-08T12:13:02,2,5,0,7
2023-12-08T12:29:32,2,5,0,7
2023-12-08T12:45:50,2,5,0,7
2023-12-08T13:02:08,2,5,0,7
2023-12-08T13:18:27,2,5,0,7
2023-12-08T13:34:45,2,5,0,7
2023-12-08T13:51:02,2,5,0,7
2023-12-08T14:07:32,2,5,0,7
2023-12-08T14:23:49,2,5,0,7
2023-12-08T14:40:07,2,5,0,7
2023-12-08T14:56:24,2,5,0,7
2023-12-08T15:12:54,2,5,0,7
2023-12-08T15:29:11,2,5,0,7
2023-12-08T15:45:29,2,5,0,7
2023-12-08T16:01:47,2,5,0,7
2023-12-08T16:18:05,2,5,0,7
2023-12-08T16:34:25,2,5,0,7
2023-12-08T16:50:53,2,5,0,7
2023-12-08T17:07:12,2,5,0,7
2023-12-08T17:23:31,2,5,0,7
2023-12-08T17:39:50,2,5,0,7
2023-12-08T17:56:09,2,5,0,7
2023-12-08T18:12:37,2,5,0,7
2023-12-08T18:28:55,2,5,0,7
2023-12-08T18:45:14,2,5,0,7
2023-12-08T19:01:33,2,5,0,7
2023-12-08T19:17:52,2,5,0,7
2023-12-08T19:34:11,2,5,0,7
2023-12-08T19:50:31,2,5,0,7
2023-12-08T20:07:01,2,5,0,7
2023-12-08T20:23:20,2,5,0,7
2023-12-08T20:39:40,2,5,0,7
2023-12-08T20:55:59,2,5,0,7
2023-12-08T21:12:19,2,5,0,7
2023-12-08T21:28:38,2,5,0,7
2023-12-08T21:45:07,2,5,0,7
2023-12-08T22:01:25,2,5,0,7
2023-12-08T22:17:43,2,5,0,7
2023-12-08T22:34:01,2,5,0,7
2023-12-08T22:50:26,2,5,0,7
2023-12-08T23:06:46,2,5,0,7
2023-12-08T23:23:06,2,5,0,7
2023-12-08T23:39:25,2,5,0,7
2023-12-08T23:55:55,2,5,0,7
2023-12-09T00:12:17,2,5,0,7
2023-12-09T00:28:42,2,5,0,7
2023-12-09T00:45:05,2,5,0,7
2023-12-09T01:01:29,2,5,0,7
2023-12-09T01:17:53,2,5,0,7
2023-12-09T01:34:15,2,5,0,7
2023-12-09T01:50:38,2,5,0,7
2023-12-09T02:07:01,2,5,0,7
2023-12-09T02:23:22,2,5,0,7
2023-12-09T02:39:43,2,5,0,7
2023-12-09T02:56:12,2,5,0,7
2023-12-09T03:12:34,2,5,0,7
2023-12-09T03:28:55,2,5,0,7
2023-12-09T03:45:16,2,5,0,7
2023-12-09T04:01:40,2,5,0,7
2023-12-09T04:32:10,2,5,0,7
2023-12-09T04:50:25,2,5,0,7
2023-12-09T05:06:49,2,5,0,7
2023-12-09T05:23:14,2,5,0,7
2023-12-09T05:39:37,2,5,0,7
2023-12-09T05:56:01,2,5,0,7
2023-12-09T06:12:30,2,5,0,7
2023-12-09T06:28:51,2,5,0,7
2023-12-09T06:45:13,2,5,0,7
2023-12-09T07:01:35,2,5,0,7
2023-12-09T07:17:58,2,5,0,7
2023-12-09T07:34:28,2,5,0,7
2023-12-09T07:50:49,2,5,0,7
2023-12-09T08:07:11,2,5,0,7
2023-12-09T08:23:34,2,5,0,7
2023-12-09T08:39:56,2,5,0,7
2023-12-09T08:56:19,2,5,0,7
2023-12-09T09:12:42,2,5,0,7
2023-12-09T09:29:05,2,5,0,7
2023-12-09T09:45:27,2,5,0,7
2023-12-09T10:01:49,2,5,0,7
2023-12-09T10:18:10,2,5,0,7
2023-12-09T10:34:41,2,5,0,7
2023-12-09T10:51:01,2,5,0,7
2023-12-09T11:07:23,2,5,0,7
2023-12-09T11:23:43,2,5,0,7
2023-12-09T11:40:03,2,5,0,7
2023-12-09T11:56:22,2,5,0,7
2023-12-09T12:12:41,2,5,0,7
2023-12-09T12:29:09,2,5,0,7
2023-12-09T12:45:28,2,5,0,7
2023-12-09T13:01:48,2,5,0,7
2023-12-09T13:18:07,2,5,0,7
2023-12-09T13:34:25,2,5,0,7
2023-12-09T13:50:45,2,5,0,7
2023-12-09T14:07:03,2,5,0,7
2023-12-09T14:23:21,2,5,0,7
2023-12-09T14:39:40,2,5,0,7
2023-12-09T14:56:10,2,5,0,7
2023-12-09T15:12:28,2,5,0,7
2023-12-09T15:28:47,2,5,0,7
2023-12-09T15:45:05,2,5,0,7
2023-12-09T16:01:24,2,5,0,7
2023-12-09T16:17:43,2,5,0,7
2023-12-09T16:34:02,2,5,0,7
2023-12-09T16:50:29,2,5,0,7
2023-12-09T17:06:48,2,5,0,7
2023-12-09T17:23:08,2,5,0,7
2023-12-09T17:39:27,2,5,0,7
2023-12-09T17:55:45,2,5,0,7
2023-12-09T18:12:03,2,5,0,7
2023-12-09T18:28:22,2,5,0,7
2023-12-09T18:44:49,2,5,0,7
2023-12-09T19:01:08,2,5,0,7
2023-12-09T19:17:27,2,5,0,7
2023-12-09T19:33:46,2,5,0,7
2023-12-09T19:50:04,2,5,0,7
2023-12-09T20:06:23,2,5,0,7
2023-12-09T20:22:42,2,5,0,7
2023-12-09T20:39:01,2,5,0,7
2023-12-09T20:55:20,2,5,0,7
2023-12-09T21:11:47,2,5,0,7
2023-12-09T21:28:06,2,5,0,7
2023-12-09T21:44:25,2,5,0,7
2023-12-09T22:00:44,2,5,0,7
2023-12-09T22:17:02,2,5,0,7
2023-12-09T22:33:21,2,5,0,7
2023-12-09T22:49:40,2,5,0,7
2023-12-09T23:05:59,2,5,0,7
2023-12-09T23:22:19,2,5,0,7
2023-12-09T23:38:38,2,5,0,7
2023-12-09T23:54:57,2,5,0,7
2023-12-10T00:11:28,2,5,0,7
2023-12-10T00:27:51,2,5,0,7
2023-12-10T00:44:13,2,5,0,7
2023-12-10T01:00:34,2,5,0,7
2023-12-10T01:16:55,2,5,0,7
2023-12-10T01:33:14,2,5,0,7
2023-12-10T01:49:33,2,5,0,7
2023-12-10T02:05:53,2,5,0,7
2023-12-10T02:22:12,2,5,0,7
2023-12-10T02:38:34,2,5,0,7
2023-12-10T02:54:58,2,5,0,7
2023-12-10T03:11:19,2,5,0,7
2023-12-10T03:27:54,2,5,0,7
2023-12-10T03:44:30,2,5,0,7
2023-12-10T04:00:53,2,5,0,7
2023-12-10T04:38:11,2,5,0,7
2023-12-10T04:54:40,2,5,0,7
2023-12-10T05:11:22,2,5,0,7
2023-12-10T05:27:50,2,5,0,7
2023-12-10T05:44:17,2,5,0,7
2023-12-10T06:00:41,2,5,0,7
2023-12-10T06:17:06,2,5,0,7
2023-12-10T06:33:30,2,5,0,7
2023-12-10T06:49:54,2,5,0,7
2023-12-10T07:06:17,2,5,0,7
2023-12-10T07:22:41,2,5,0,7
2023-12-10T07:39:04,2,5,0,7
2023-12-10T07:55:28,2,5,0,7
2023-12-10T08:11:53,2,5,0,7
2023-12-10T08:28:15,2,5,0,7
2023-12-10T08:44:38,2,5,0,7
2023-12-10T09:00:59,2,5,0,7
2023-12-10T09:17:25,2,5,0,7
2023-12-10T09:33:51,2,5,0,7
2023-12-10T09:50:13,2,5,0,7
2023-12-10T10:06:39,2,5,0,7
2023-12-10T10:23:02,2,5,0,7
2023-12-10T10:39:32,2,5,0,7
2023-12-10T10:55:52,2,5,0,7
2023-12-10T11:12:12,2,5,0,7
2023-12-10T11:28:31,2,5,0,7
2023-12-10T11:44:51,2,5,0,7
2023-12-10T12:01:10,2,5,0,7
2023-12-10T12:17:28,2,5,0,7
2023-12-10T12:33:46,2,5,0,7
2023-12-10T12:50:05,2,5,0,7
2023-12-10T13:06:24,2,5,0,7
2023-12-10T13:22:52,2,5,0,7
2023-12-10T13:39:10,2,5,0,7
2023-12-10T13:55:29,2,5,0,7
2023-12-10T14:11:47,2,5,0,7
2023-12-10T14:28:05,2,5,0,7
2023-12-10T14:44:23,2,5,0,7
2023-12-10T15:00:41,2,5,0,7
2023-12-10T15:17:10,2,5,0,7
2023-12-10T15:33:28,2,5,0,7
2023-12-10T15:49:46,2,5,0,7
2023-12-10T16:06:05,2,5,0,7
2023-12-10T16:22:24,2,5,0,7
2023-12-10T16:38:43,2,5,0,7
2023-12-10T16:55:11,2,5,0,7
2023-12-10T17:11:30,2,5,0,7
2023-12-10T17:27:48,2,5,0,7
2023-12-10T17:44:07,2,5,0,7
2023-12-10T18:00:26,2,5,0,7
2023-12-10T18:16:44,2,5,0,7
2023-12-10T18:33:03,2,5,0,7
2023-12-10T18:49:21,2,5,0,7
2023-12-10T19:05:42,2,5,0,7
2023-12-10T19:22:17,2,5,0,7
2023-12-10T19:38:36,2,5,0,7
2023-12-10T19:54:55,2,5,0,7
2023-12-10T20:11:13,2,5,0,7
2023-12-10T20:27:31,2,5,0,7
2023-12-10T20:43:49,2,5,0,7
2023-12-10T21:00:18,2,5,0,7
2023-12-10T21:16:37,2,5,0,7
2023-12-10T21:32:57,2,5,0,7
2023-12-10T21:49:16,2,5,0,7
2023-12-10T22:05:35,2,5,0,7
2023-12-10T22:21:53,2,5,0,7
2023-12-10T22:38:13,2,5,0,7
2023-12-10T22:54:32,2,5,0,7
2023-12-10T23:11:00,2,5,0,7
2023-12-10T23:27:20,2,5,0,7
2023-12-10T23:43:42,2,5,0,7
2023-12-11T00:00:02,2,5,0,7
2023-12-11T00:16:24,2,5,0,7
2023-12-11T00:32:55,2,5,0,7
2023-12-11T00:49:26,2,5,0,7
2023-12-11T01:05:51,2,5,0,7
2023-12-11T01:22:19,2,5,0,7
2023-12-11T01:38:57,2,5,0,7
2023-12-11T01:55:39,2,5,0,7
2023-12-11T02:12:29,2,5,0,7
2023-12-11T02:28:52,2,5,0,7
2023-12-11T02:45:15,2,5,0,7
2023-12-11T03:01:37,2,5,0,7
2023-12-11T03:18:00,2,5,0,7
2023-12-11T03:34:34,2,5,0,7
2023-12-11T03:50:56,2,5,0,7
2023-12-11T04:07:19,2,5,0,7
2023-12-11T04:37:13,2,5,0,7
2023-12-11T04:53:40,2,5,0,7
2023-12-11T05:10:12,2,5,0,7
2023-12-11T05:26:33,2,5,0,7
2023-12-11T05:42:58,2,5,0,7
2023-12-11T05:59:21,2,5,0,7
2023-12-11T06:15:47,2,5,0,7
2023-12-11T06:32:10,2,5,0,7
2023-12-11T06:48:32,2,5,0,7
2023-12-11T07:05:03,2,5,0,7
2023-12-11T07:21:22,2,5,0,7
2023-12-11T07:37:41,2,5,0,7
2023-12-11T07:54:01,2,5,0,7
2023-12-11T08:10:21,2,5,0,7
2023-12-11T08:26:40,2,5,0,7
2023-12-11T08:42:59,2,5,0,7
2023-12-11T08:59:28,2,5,0,7
2023-12-11T09:15:46,2,5,0,7
2023-12-11T09:32:05,2,5,0,7
2023-12-11T09:48:24,2,5,0,7
2023-12-11T10:04:54,2,5,0,7
2023-12-11T10:21:16,2,5,0,7
2023-12-11T10:37:37,2,5,0,7
2023-12-11T10:54:08,2,5,0,7
2023-12-11T11:10:30,2,5,0,7
2023-12-11T11:26:52,2,5,0,7
2023-12-11T11:43:24,2,5,0,7
2023-12-11T11:59:45,2,5,0,7
2023-12-11T12:16:06,2,5,0,7
2023-12-11T12:32:38,2,5,0,7
2023-12-11T12:48:58,2,5,0,7
2023-12-11T13:05:18,2,5,0,7
2023-12-11T13:21:38,2,5,0,7
2023-12-11T13:38:07,2,5,0,7
2023-12-11T13:54:27,2,5,0,7
2023-12-11T14:10:47,2,5,0,7
2023-12-11T14:27:19,2,5,0,7
2023-12-11T14:43:39,2,5,0,7
2023-12-11T14:59:59,2,5,0,7
2023-12-11T15:16:29,2,5,0,7
2023-12-11T15:32:49,2,5,0,7
2023-12-11T15:49:08,2,5,0,7
2023-12-11T16:05:29,2,5,0,7
2023-12-11T16:21:59,2,5,0,7
2023-12-11T16:38:19,2,5,0,7
2023-12-11T16:54:39,2,5,0,7
2023-12-11T17:10:59,2,5,0,7
2023-12-11T17:27:30,2,5,0,7
2023-12-11T17:43:50,2,5,0,7
2023-12-11T18:00:11,2,5,0,7
2023-12-11T18:16:31,2,5,0,7
2023-12-11T18:33:00,2,5,0,7
2023-12-11T18:49:20,2,5,0,7
2023-12-11T19:05:40,2,5,0,7
2023-12-11T19:22:01,2,5,0,7
2023-12-11T19:38:20,2,5,0,7
2023-12-11T19:54:40,2,5,0,7
2023-12-11T20:11:09,2,5,0,7
2023-12-11T20:27:28,2,5,0,7
2023-12-11T20:43:46,2,5,0,7
2023-12-11T21:00:05,2,5,0,7
2023-12-11T21:16:24,2,5,0,7
2023-12-11T21:32:44,2,5,0,7
2023-12-11T21:49:15,2,5,0,7
2023-12-11T22:05:34,2,5,0,7
2023-12-11T22:21:53,2,5,0,7
2023-12-11T22:38:12,2,5,0,7
2023-12-11T22:54:32,2,5,0,7
2023-12-11T23:11:04,2,5,0,7
2023-12-11T23:27:24,2,5,0,7
2023-12-11T23:43:43,2,5,0,7
2023-12-12T00:00:03,2,5,0,7
2023-12-12T00:16:28,2,5,0,7
2023-12-12T00:32:57,2,5,0,7
2023-12-12T00:49:23,2,5,0,7
2023-12-12T01:05:59,2,5,0,7
2023-12-12T01:22:26,2,5,0,7
2023-12-12T01:38:51,2,5,0,7
2023-12-12T01:55:13,2,5,0,7
2023-12-12T02:11:48,2,5,0,7
2023-12-12T02:28:09,2,5,0,7
2023-12-12T02:44:31,2,5,0,7
2023-12-12T03:00:53,2,5,0,7
2023-12-12T03:17:28,2,5,0,7
2023-12-12T03:33:50,2,5,0,7
2023-12-12T03:50:12,2,5,0,7
2023-12-12T04:31:24,2,5,0,7
2023-12-12T04:49:27,2,5,0,7
2023-12-12T05:05:52,2,5,0,7
2023-12-12T05:22:16,2,5,0,7
2023-12-12T05:38:41,2,5,0,7
2023-12-12T05:55:13,2,5,0,7
2023-12-12T06:11:37,2,5,0,7
2023-12-12T06:27:59,2,5,0,7
2023-12-12T06:44:21,2,5,0,7
2023-12-12T07:00:44,2,5,0,7
2023-12-12T07:17:14,2,5,0,7
2023-12-12T07:33:36,2,5,0,7
2023-12-12T07:49:56,2,5,0,7
2023-12-12T08:06:18,2,5,0,7
2023-12-12T08:22:49,2,5,0,7
2023-12-12T08:39:10,2,5,0,7
2023-12-12T08:55:33,2,5,0,7
2023-12-12T09:11:54,2,5,0,7
2023-12-12T09:28:16,2,5,0,7
2023-12-12T09:44:47,2,5,0,7
2023-12-12T10:01:07,2,5,0,7
2023-12-12T10:17:27,2,5,0,7
2023-12-12T10:33:47,2,5,0,7
2023-12-12T10:50:17,2,5,0,7
2023-12-12T11:06:37,2,5,0,7
2023-12-12T11:22:57,2,5,0,7
2023-12-12T11:39:26,2,5,0,7
2023-12-12T11:55:56,2,5,0,7
2023-12-12T12:12:27,2,5,0,7
2023-12-12T12:28:47,2,5,0,7
2023-12-12T12:45:16,2,5,0,7
2023-12-12T13:01:36,2,5,0,7
2023-12-12T13:17:57,2,5,0,7
2023-12-12T13:34:26,2,5,0,7
2023-12-12T13:50:48,2,5,0,7
2023-12-12T14:07:10,2,5,0,7
2023-12-12T14:23:39,2,5,0,7
2023-12-12T14:40:09,2,5,0,7
2023-12-12T14:56:40,2,5,0,7
2023-12-12T15:13:11,2,5,0,7
2023-12-12T15:29:40,2,5,0,7
2023-12-12T15:46:10,2,5,0,7
2023-12-12T16:02:38,2,5,0,7
2023-12-12T16:18:58,2,5,0,7
2023-12-12T16:35:27,2,5,0,7
2023-12-12T16:51:57,2,5,0,7
2023-12-12T17:08:26,2,5,0,7
2023-12-12T17:24:57,2,5,0,7
2023-12-12T17:41:27,2,5,0,7
2023-12-12T17:57:56,2,5,0,7
2023-12-12T18:14:26,2,5,0,7
2023-12-12T18:30:55,2,5,0,7
2023-12-12T18:47:27,2,5,0,7
2023-12-12T19:03:57,2,5,0,7
2023-12-12T19:20:28,2,5,0,7
2023-12-12T19:36:49,2,5,0,7
2023-12-12T19:53:19,2,5,0,7
2023-12-12T20:09:48,2,5,0,7
2023-12-12T20:26:17,2,5,0,7
2023-12-12T20:42:47,2,5,0,7
2023-12-12T20:59:06,2,5,0,7
2023-12-12T21:15:34,2,5,0,7
2023-12-12T21:32:06,2,5,0,7
2023-12-12T21:48:25,2,5,0,7
2023-12-12T22:04:55,2,5,0,7
2023-12-12T22:21:25,2,5,0,7
2023-12-12T22:37:54,2,5,0,7
2023-12-12T22:54:14,2,5,0,7
2023-12-12T23:10:45,2,5,0,7
2023-12-12T23:27:04,2,5,0,7
2023-12-12T23:43:24,2,5,0,7
2023-12-12T23:59:53,2,5,0,7
2023-12-13T00:16:19,2,5,0,7
2023-12-13T00:32:42,2,5,0,7
2023-12-13T00:49:07,2,5,0,7
2023-12-13T01:05:41,2,5,0,7
2023-12-13T01:22:08,2,5,0,7
2023-12-13T01:38:33,2,5,0,7
2023-12-13T01:54:58,2,5,0,7
2023-12-13T02:11:22,2,5,0,7
2023-12-13T02:27:55,2,5,0,7
2023-12-13T02:44:18,2,5,0,7
2023-12-13T03:00:40,2,5,0,7
2023-12-13T03:17:04,2,5,0,7
2023-12-13T03:33:47,2,5,0,7
2023-12-13T03:50:22,2,5,0,7
2023-12-13T04:32:14,2,5,0,7
2023-12-13T04:48:38,2,5,0,7
2023-12-13T05:05:03,2,5,0,7
2023-12-13T05:21:28,2,5,0,7
2023-12-13T05:37:51,2,5,0,7
2023-12-13T05:54:15,2,5,0,7
2023-12-13T06:10:48,2,5,0,7
2023-12-13T06:27:11,2,5,0,7
2023-12-13T06:43:42,2,5,0,7
2023-12-13T07:00:04,2,5,0,7
2023-12-13T07:16:26,2,5,0,7
2023-12-13T07:32:56,2,5,0,7
2023-12-13T07:49:17,2,5,0,7
2023-12-13T08:05:48,2,5,0,7
2023-12-13T08:22:10,2,5,0,7
2023-12-13T08:38:31,2,5,0,7
2023-12-13T08:55:04,2,5,0,7
2023-12-13T09:11:23,2,5,0,7
2023-12-13T09:27:46,2,5,0,7
2023-12-13T09:44:13,2,5,0,7
2023-12-13T10:00:33,2,5,0,7
2023-12-13T10:16:52,2,5,0,7
2023-12-13T10:33:15,2,5,0,7
2023-12-13T10:49:40,2,5,0,7
2023-12-13T11:06:13,2,5,0,7
2023-12-13T11:22:34,2,5,0,7
2023-12-13T11:38:54,2,5,0,7
2023-12-13T11:55:24,2,5,0,7
2023-12-13T12:11:50,2,5,0,7
2023-12-13T12:28:14,2,5,0,7
2023-12-13T12:44:45,2,5,0,7
2023-12-13T13:01:06,2,5,0,7
2023-12-13T13:17:27,2,5,0,7
2023-12-13T13:33:47,2,5,0,7
2023-12-13T13:50:20,2,5,0,7
2023-12-13T14:06:41,2,5,0,7
2023-12-13T14:23:02,2,5,0,7
2023-12-13T14:39:22,2,5,0,7
2023-12-13T14:55:42,2,5,0,7
2023-12-13T15:12:13,2,5,0,7
2023-12-13T15:28:34,2,5,0,7
2023-12-13T15:44:54,2,5,0,7
2023-12-13T16:01:24,2,5,0,7
2023-12-13T16:17:45,2,5,0,7
2023-12-13T16:34:05,2,5,0,7
2023-12-13T16:50:34,2,5,0,7
2023-12-13T17:06:55,2,5,0,7
2023-12-13T17:23:17,2,5,0,7
2023-12-13T17:39:37,2,5,0,7
2023-12-13T17:56:07,2,5,0,7
2023-12-13T18:12:27,2,5,0,7
2023-12-13T18:28:47,2,5,0,7
2023-12-13T18:45:07,2,5,0,7
2023-12-13T19:01:37,2,5,0,7
2023-12-13T19:17:57,2,5,0,7
2023-12-13T19:34:18,2,5,0,7
2023-12-13T19:50:48,2,5,0,7
2023-12-13T20:07:17,2,5,0,7
2023-12-13T20:23:46,2,5,0,7
2023-12-13T20:40:16,2,5,0,7
2023-12-13T20:56:56,2,5,0,7
2023-12-13T21:13:27,2,5,0,7
2023-12-13T21:29:55,2,5,0,7
2023-12-13T21:46:25,2,5,0,7
2023-12-13T22:02:55,2,5,0,7
2023-12-13T22:19:24,2,5,0,7
2023-12-13T22:35:54,2,5,0,7
2023-12-13T22:52:34,2,5,0,7
2023-12-13T23:09:05,2,5,0,7
2023-12-13T23:25:35,2,5,0,7
2023-12-13T23:42:06,2,5,0,7
2023-12-13T23:58:36,2,5,0,7
2023-12-14T00:15:10,2,5,0,7
2023-12-14T00:31:45,2,5,0,7
2023-12-14T00:48:20,2,5,0,7
2023-12-14T01:05:05,2,5,0,7
2023-12-14T01:21:39,2,5,0,7
2023-12-14T01:38:12,2,5,0,7
2023-12-14T01:54:47,2,5,0,7
2023-12-14T02:11:11,2,5,0,7
2023-12-14T02:27:43,2,5,0,7
2023-12-14T02:44:15,2,5,0,7
2023-12-14T03:00:48,2,5,0,7
2023-12-14T03:17:23,2,5,0,7
2023-12-14T03:33:57,2,5,0,7
2023-12-14T03:50:29,2,5,0,7
2023-12-14T04:07:05,2,5,0,7
2023-12-14T04:35:10,2,5,0,7
2023-12-14T04:51:55,2,5,0,7
2023-12-14T05:08:35,2,5,0,7
2023-12-14T05:25:06,2,5,0,7
2023-12-14T05:41:50,2,5,0,7
2023-12-14T05:58:26,2,5,0,7
2023-12-14T06:15:27,2,5,0,7
2023-12-14T06:31:58,2,5,0,7
2023-12-14T06:48:29,2,5,0,7
2023-12-14T07:05:01,2,5,0,7
2023-12-14T07:21:44,2,5,0,7
2023-12-14T07:38:14,2,5,0,7
2023-12-14T07:54:44,2,5,0,7
2023-12-14T08:11:18,2,5,0,7
2023-12-14T08:28:04,2,5,0,7
2023-12-14T08:44:34,2,5,0,7
2023-12-14T09:01:13,2,5,0,7
2023-12-14T09:17:51,2,5,0,7
2023-12-14T09:34:22,2,5,0,7
2023-12-14T09:51:09,2,5,0,7
2023-12-14T10:07:48,2,5,0,7
2023-12-14T10:24:17,2,5,0,7
2023-12-14T10:40:53,2,5,0,7
2023-12-14T10:57:23,2,5,0,7
2023-12-14T11:13:54,2,5,0,7
2023-12-14T11:30:25,2,5,0,7
2023-12-14T11:47:03,2,5,0,7
2023-12-14T12:03:33,2,5,0,7
2023-12-14T12:20:02,2,5,0,7
2023-12-14T12:36:48,2,5,0,7
2023-12-14T12:53:19,2,5,0,7
2023-12-14T13:10:06,2,5,0,7
2023-12-14T13:26:45,2,5,0,7
2023-12-14T13:43:15,2,5,0,7
2023-12-14T13:59:53,2,5,0,7
2023-12-14T14:16:23,2,5,0,7
2023-12-14T14:33:07,2,5,0,7
2023-12-14T14:49:50,2,5,0,7
2023-12-14T15:06:23,2,5,0,7
2023-12-14T15:22:54,2,5,0,7
2023-12-14T15:39:42,2,5,0,7
2023-12-14T15:56:24,2,5,0,7
2023-12-14T16:13:14,2,5,0,7
2023-12-14T16:29:47,2,5,0,7
2023-12-14T16:46:19,2,5,0,7
2023-12-14T17:02:58,2,5,0,7
2023-12-14T17:19:29,2,5,0,7
2023-12-14T17:36:18,2,5,0,7
2023-12-14T17:52:57,2,5,0,7
2023-12-14T18:22:02,2,5,0,7
2023-12-14T18:38:32,2,5,0,7
2023-12-14T18:55:02,2,5,0,7
2023-12-14T19:11:33,2,5,0,7
2023-12-14T19:28:01,2,5,0,7
2023-12-14T19:44:31,2,5,0,7
2023-12-14T20:01:10,2,5,0,7
2023-12-14T20:17:43,2,5,0,7
2023-12-14T20:34:12,2,5,0,7
2023-12-14T20:50:41,2,5,0,7
2023-12-14T21:07:10,2,5,0,7
2023-12-14T21:23:39,2,5,0,7
2023-12-14T21:40:10,2,5,0,7
2023-12-14T21:56:49,2,5,0,7
2023-12-14T22:13:18,2,5,0,7
2023-12-14T22:29:48,2,5,0,7
2023-12-14T22:46:17,2,5,0,7
2023-12-14T23:02:47,2,5,0,7
2023-12-14T23:19:17,2,5,0,7
2023-12-14T23:35:47,2,5,0,7
2023-12-14T23:52:27,2,5,0,7
2023-12-15T00:08:59,2,5,0,7
2023-12-15T00:25:35,2,5,0,7
2023-12-15T00:42:09,2,5,0,7
2023-12-15T00:58:44,2,5,0,7
2023-12-15T01:15:20,2,5,0,7
2023-12-15T01:31:57,2,5,0,7
2023-12-15T01:48:31,2,5,0,7
2023-12-15T02:05:05,2,5,0,7
2023-12-15T02:21:40,2,5,0,7
2023-12-15T02:38:24,2,5,0,7
2023-12-15T02:54:55,2,5,0,7
2023-12-15T03:11:29,2,5,0,7
2023-12-15T03:28:04,2,5,0,7
2023-12-15T03:44:46,2,5,0,7
2023-12-15T04:01:24,2,5,0,7
2023-12-15T04:17:59,2,5,0,7
2023-12-15T04:46:37,2,5,0,7
2023-12-15T05:03:12,2,5,0,7
2023-12-15T05:19:46,2,5,0,7
2023-12-15T05:36:16,2,5,0,7
2023-12-15T05:52:52,2,5,0,7
2023-12-15T06:09:28,2,5,0,7
2023-12-15T06:26:00,2,5,0,7
2023-12-15T06:42:32,2,5,0,7
2023-12-15T06:59:05,2,5,0,7
2023-12-15T07:15:36,2,5,0,7
2023-12-15T07:32:07,2,5,0,7
2023-12-15T07:48:37,2,5,0,7
2023-12-15T08:05:07,2,5,0,7
2023-12-15T08:21:38,2,5,0,7
2023-12-15T08:38:17,2,5,0,7
2023-12-15T08:54:50,2,5,0,7
2023-12-15T09:11:18,2,5,0,7
2023-12-15T09:27:49,2,5,0,7
2023-12-15T09:44:21,2,5,0,7
2023-12-15T10:00:51,2,5,0,7
2023-12-15T10:17:20,2,5,0,7
2023-12-15T10:33:49,2,5,0,7
2023-12-15T10:50:19,2,5,0,7
2023-12-15T11:07:02,2,5,0,7
2023-12-15T11:23:33,2,5,0,7
2023-12-15T11:40:05,2,5,0,7
2023-12-15T11:56:39,2,5,0,7
2023-12-15T12:13:22,2,5,0,7
2023-12-15T12:29:54,2,5,0,7
2023-12-15T12:46:25,2,5,0,7
2023-12-15T13:02:59,2,5,0,7
2023-12-15T13:19:35,2,5,0,7
2023-12-15T13:36:09,2,5,0,7
2023-12-15T13:52:43,2,5,0,7
2023-12-15T14:09:15,2,5,0,7
2023-12-15T14:25:57,2,5,0,7
2023-12-15T14:42:29,2,5,0,7
2023-12-15T14:59:01,2,5,0,7
2023-12-15T15:16:03,2,5,0,7
2023-12-15T15:32:53,2,5,0,7
2023-12-15T15:49:44,2,5,0,7
2023-12-15T16:06:34,2,5,0,7
2023-12-15T16:23:24,2,5,0,7
2023-12-15T16:40:22,2,5,0,7
2023-12-15T16:57:11,2,5,0,7
2023-12-15T17:14:03,2,5,0,7
2023-12-15T17:31:04,2,5,0,7
2023-12-15T17:47:54,2,5,0,7
2023-12-15T18:04:45,2,5,0,7
2023-12-15T18:21:35,2,5,0,7
2023-12-15T18:38:35,2,5,0,7
2023-12-15T18:55:25,2,5,0,7
2023-12-15T19:12:15,2,5,0,7
2023-12-15T19:29:04,2,5,0,7
2023-12-15T19:45:52,2,5,0,7
2023-12-15T20:02:47,2,5,0,7
2023-12-15T20:19:37,2,5,0,7
2023-12-15T20:36:36,2,5,0,7
2023-12-15T20:53:27,2,5,0,7
2023-12-15T21:10:17,2,5,0,7
2023-12-15T21:27:07,2,5,0,7
2023-12-15T21:43:57,2,5,0,7
2023-12-15T22:00:46,2,5,0,7
2023-12-15T22:17:45,2,5,0,7
2023-12-15T22:34:35,2,5,0,7
2023-12-15T22:51:25,2,5,0,7
2023-12-15T23:08:15,2,5,0,7
2023-12-15T23:25:08,2,5,0,7
2023-12-15T23:42:02,2,5,0,7
2023-12-15T23:59:04,2,5,0,7
2023-12-16T00:16:07,2,5,0,7
2023-12-16T00:33:04,2,5,0,7
2023-12-16T00:49:59,2,5,0,7
2023-12-16T01:06:58,2,5,0,7
2023-12-16T01:23:51,2,5,0,7
2023-12-16T01:40:47,2,5,0,7
2023-12-16T01:57:54,2,5,0,7
2023-12-16T02:14:49,2,5,0,7
2023-12-16T02:31:42,2,5,0,7
2023-12-16T02:48:34,2,5,0,7
2023-12-16T03:05:26,2,5,0,7
2023-12-16T03:22:21,2,5,0,7
2023-12-16T03:39:15,2,5,0,7
2023-12-16T03:56:08,2,5,0,7
2023-12-16T04:32:40,2,5,0,7
2023-12-16T04:52:55,2,5,0,7
2023-12-16T05:09:41,2,5,0,7
2023-12-16T05:26:27,2,5,0,7
2023-12-16T05:43:20,2,5,0,7
2023-12-16T06:00:13,2,5,0,7
2023-12-16T06:17:08,2,5,0,7
2023-12-16T06:33:53,2,5,0,7
2023-12-16T06:50:47,2,5,0,7
2023-12-16T07:07:41,2,5,0,7
2023-12-16T07:24:34,2,5,0,7
2023-12-16T07:41:25,2,5,0,7
2023-12-16T07:58:16,2,5,0,7
2023-12-16T08:15:15,2,5,0,7
2023-12-16T08:32:00,2,5,0,7
2023-12-16T08:48:44,2,5,0,7
2023-12-16T09:05:28,2,5,0,7
2023-12-16T09:22:13,2,5,0,7
2023-12-16T09:38:57,2,5,0,7
2023-12-16T09:55:41,2,5,0,7
2023-12-16T10:12:25,2,5,0,7
2023-12-16T10:29:08,2,5,0,7
2023-12-16T10:45:51,2,5,0,7
2023-12-16T11:02:45,2,5,0,7
2023-12-16T11:19:27,2,5,0,7
2023-12-16T11:36:09,2,5,0,7
2023-12-16T11:52:53,2,5,0,7
2023-12-16T12:09:39,2,5,0,7
2023-12-16T12:26:19,2,5,0,7
2023-12-16T12:42:59,2,5,0,7
2023-12-16T12:59:50,2,5,0,7
2023-12-16T13:16:30,2,5,0,7
2023-12-16T13:33:11,2,5,0,7
2023-12-16T13:49:51,2,5,0,7
2023-12-16T14:06:31,2,5,0,7
2023-12-16T14:23:13,2,5,0,7
2023-12-16T14:39:53,2,5,0,7
2023-12-16T14:56:36,2,5,0,7
2023-12-16T15:13:26,2,5,0,7
2023-12-16T15:30:07,2,5,0,7
2023-12-16T15:46:49,2,5,0,7
2023-12-16T16:03:29,2,5,0,7
2023-12-16T16:20:09,2,5,0,7
2023-12-16T16:36:58,2,5,0,7
2023-12-16T16:53:39,2,5,0,7
2023-12-16T17:10:20,2,5,0,7
2023-12-16T17:27:01,2,5,0,7
2023-12-16T17:43:42,2,5,0,7
2023-12-16T18:00:22,2,5,0,7
2023-12-16T18:17:02,2,5,0,7
2023-12-16T18:33:54,2,5,0,7
2023-12-16T18:50:35,2,5,0,7
2023-12-16T19:07:17,2,5,0,7
2023-12-16T19:23:58,2,5,0,7
2023-12-16T19:40:38,2,5,0,7
2023-12-16T19:57:18,2,5,0,7
2023-12-16T20:13:58,2,5,0,7
2023-12-16T20:30:38,2,5,0,7
2023-12-16T20:47:25,2,5,0,7
2023-12-16T21:04:07,2,5,0,7
2023-12-16T21:20:47,2,5,0,7
2023-12-16T21:37:28,2,5,0,7
2023-12-16T21:54:09,2,5,0,7
2023-12-16T22:10:51,2,5,0,7
2023-12-16T22:27:32,2,5,0,7
2023-12-16T22:44:23,2,5,0,7
2023-12-16T23:01:04,2,5,0,7
2023-12-16T23:17:46,2,5,0,7
2023-12-16T23:34:27,2,5,0,7
2023-12-16T23:51:08,2,5,0,7
2023-12-17T00:07:50,2,5,0,7
2023-12-17T00:24:32,2,5,0,7
2023-12-17T01:10:04,2,5,0,7
2023-12-17T01:26:44,2,5,0,7
2023-12-17T01:43:25,2,5,0,7
2023-12-17T02:00:05,2,5,0,7
2023-12-17T02:16:49,2,5,0,7
2023-12-17T02:33:31,2,5,0,7
2023-12-17T02:50:14,2,5,0,7
2023-12-17T03:07:05,2,5,0,7
2023-12-17T03:23:47,2,5,0,7
2023-12-17T03:40:27,2,5,0,7
2023-12-17T03:57:09,2,5,0,7
2023-12-17T04:35:56,2,5,0,7
2023-12-17T04:54:52,2,5,0,7
2023-12-17T05:12:01,2,5,0,7
2023-12-17T05:28:46,2,5,0,7
2023-12-17T05:45:35,2,5,0,7
2023-12-17T06:15:32,2,5,0,7
2023-12-17T06:32:58,2,5,0,7
2023-12-17T06:49:43,2,5,0,7
2023-12-17T07:06:28,2,5,0,7
2023-12-17T07:37:51,2,5,0,7
2023-12-17T07:54:34,2,5,0,7
2023-12-17T08:11:18,2,5,0,7
2023-12-17T08:28:02,2,5,0,7
2023-12-17T08:44:49,2,5,0,7
2023-12-17T09:01:36,2,5,0,7
2023-12-17T09:18:27,2,5,0,7
2023-12-17T09:35:15,2,5,0,7
2023-12-17T09:52:13,2,5,0,7
2023-12-17T10:08:59,2,5,0,7
2023-12-17T10:25:45,2,5,0,7
2023-12-17T10:42:36,2,5,0,7
2023-12-17T10:59:24,2,5,0,7
2023-12-17T11:16:10,2,5,0,7
2023-12-17T11:32:58,2,5,0,7
2023-12-17T11:49:54,2,5,0,7
2023-12-17T12:06:41,2,5,0,7
2023-12-17T12:23:25,2,5,0,7
2023-12-17T12:40:07,2,5,0,7
2023-12-17T12:56:57,2,5,0,7
2023-12-17T13:13:38,2,5,0,7
2023-12-17T13:30:17,2,5,0,7
2023-12-17T13:46:57,2,5,0,7
2023-12-17T14:03:37,2,5,0,7
2023-12-17T14:20:26,2,5,0,7
2023-12-17T14:37:05,2,5,0,7
2023-12-17T14:53:44,2,5,0,7
2023-12-17T15:10:25,2,5,0,7
2023-12-17T15:27:06,2,5,0,7
2023-12-17T15:43:56,2,5,0,7
2023-12-17T16:00:39,2,5,0,7
2023-12-17T16:17:22,2,5,0,7
2023-12-17T16:34:06,2,5,0,7
2023-12-17T16:50:50,2,5,0,7
2023-12-17T17:07:32,2,5,0,7
2023-12-17T17:24:24,2,5,0,7
2023-12-17T17:41:06,2,5,0,7
2023-12-17T17:57:48,2,5,0,7
2023-12-17T18:14:28,2,5,0,7
2023-12-17T18:31:09,2,5,0,7
2023-12-17T18:47:57,2,5,0,7
2023-12-17T19:04:39,2,5,0,7
2023-12-17T19:21:19,2,5,0,7
2023-12-17T19:37:59,2,5,0,7
2023-12-17T19:54:40,2,5,0,7
2023-12-17T20:11:19,2,5,0,7
2023-12-17T20:28:08,2,5,0,7
2023-12-17T20:44:49,2,5,0,7
2023-12-17T21:01:29,2,5,0,7
2023-12-17T21:18:10,2,5,0,7
2023-12-17T21:34:51,2,5,0,7
2023-12-17T21:51:43,2,5,0,7
2023-12-17T22:08:23,2,5,0,7
2023-12-17T22:25:03,2,5,0,7
2023-12-17T22:41:51,2,5,0,7
2023-12-17T22:58:41,2,5,0,7
2023-12-17T23:15:22,2,5,0,7
2023-12-17T23:32:13,2,5,0,7
2023-12-17T23:49:04,2,5,0,7
2023-12-18T00:05:49,2,5,0,7
2023-12-18T00:22:49,2,5,0,7
2023-12-18T00:39:46,2,5,0,7
2023-12-18T00:56:49,2,5,0,7
2023-12-18T01:13:43,2,5,0,7
2023-12-18T01:30:44,2,5,0,7
2023-12-18T01:47:40,2,5,0,7
2023-12-18T02:04:25,2,5,0,7
2023-12-18T02:21:19,2,5,0,7
2023-12-18T02:38:11,2,5,0,7
2023-12-18T02:55:03,2,5,0,7
2023-12-18T03:11:55,2,5,0,7
2023-12-18T03:28:49,2,5,0,7
2023-12-18T03:45:33,2,5,0,7
2023-12-18T04:02:27,2,5,0,7
2023-12-18T04:42:07,2,5,0,7
2023-12-18T04:58:56,2,5,0,7
2023-12-18T05:16:02,2,5,0,7
2023-12-18T05:33:00,2,5,0,7
2023-12-18T05:49:45,2,5,0,7
2023-12-18T06:24:09,2,5,0,7
2023-12-18T06:41:08,2,5,0,7
2023-12-18T06:57:54,2,5,0,7
2023-12-18T07:14:47,2,5,0,7
2023-12-18T07:31:30,2,5,0,7
2023-12-18T07:48:19,2,5,0,7
2023-12-18T08:05:12,2,5,0,7
2023-12-18T08:21:53,2,5,0,7
2023-12-18T08:38:44,2,5,0,7
2023-12-18T08:55:36,2,5,0,7
2023-12-18T09:12:17,2,5,0,7
2023-12-18T09:29:10,2,5,0,7
2023-12-18T09:46:01,2,5,0,7
2023-12-18T10:02:42,2,5,0,7
2023-12-18T10:19:34,2,5,0,7
2023-12-18T10:36:25,2,5,0,7
2023-12-18T10:53:18,2,5,0,7
2023-12-18T11:10:00,2,5,0,7
2023-12-18T11:26:54,2,5,0,7
2023-12-18T11:43:46,2,5,0,7
2023-12-18T12:00:37,2,5,0,7
2023-12-18T12:17:29,2,5,0,7
2023-12-18T12:34:20,2,5,0,7
2023-12-18T12:51:13,2,5,0,7
2023-12-18T13:07:55,2,5,0,7
2023-12-18T13:24:48,2,5,0,7
2023-12-18T13:41:39,2,5,0,7
2023-12-18T13:58:30,2,5,0,7
2023-12-18T14:15:24,2,5,0,7
2023-12-18T14:32:16,2,5,0,7
2023-12-18T14:48:58,2,5,0,7
2023-12-18T15:05:52,2,5,0,7
2023-12-18T15:22:44,2,5,0,7
2023-12-18T15:39:36,2,5,0,7
2023-12-18T15:56:29,2,5,0,7
2023-12-18T16:13:21,2,5,0,7
2023-12-18T16:30:18,2,5,0,7
2023-12-18T16:47:10,2,5,0,7
2023-12-18T17:03:53,2,5,0,7
2023-12-18T17:20:47,2,5,0,7
2023-12-18T17:37:40,2,5,0,7
2023-12-18T17:54:33,2,5,0,7
2023-12-18T18:11:26,2,5,0,7
2023-12-18T18:28:09,2,5,0,7
2023-12-18T18:45:02,2,5,0,7
2023-12-18T19:01:55,2,5,0,7
2023-12-18T19:18:47,2,5,0,7
2023-12-18T19:35:29,2,5,0,7
2023-12-18T19:52:23,2,5,0,7
2023-12-18T20:09:25,2,5,0,7
2023-12-18T20:26:07,2,5,0,7
2023-12-18T20:43:00,2,5,0,7
2023-12-18T20:59:53,2,5,0,7
2023-12-18T21:16:47,2,5,0,7
2023-12-18T21:33:40,2,5,0,7
2023-12-18T21:50:23,2,5,0,7
2023-12-18T22:07:15,2,5,0,7
2023-12-18T22:24:08,2,5,0,7
2023-12-18T22:40:51,2,5,0,7
2023-12-18T22:57:42,2,5,0,7
2023-12-18T23:14:36,2,5,0,7
2023-12-18T23:31:29,2,5,0,7
2023-12-18T23:48:24,2,5,0,7
2023-12-19T00:05:08,2,5,0,7
2023-12-19T00:22:09,2,5,0,7
2023-12-19T00:39:07,2,5,0,7
2023-12-19T00:56:08,2,5,0,7
2023-12-19T01:12:57,2,5,0,7
2023-12-19T01:29:57,2,5,0,7
2023-12-19T01:47:01,2,5,0,7
2023-12-19T02:03:48,2,5,0,7
2023-12-19T02:20:47,2,5,0,7
2023-12-19T02:37:44,2,5,0,7
2023-12-19T02:54:30,2,5,0,7
2023-12-19T03:11:29,2,5,0,7
2023-12-19T03:28:29,2,5,0,7
2023-12-19T03:45:28,2,5,0,7
2023-12-19T04:02:13,2,5,0,7
2023-12-19T04:45:42,2,5,0,7
2023-12-19T05:02:39,2,5,0,7
2023-12-19T05:19:42,2,5,0,7
2023-12-19T05:36:29,2,5,0,7
2023-12-19T05:53:15,2,5,0,7
2023-12-19T06:10:02,2,5,0,7
2023-12-19T06:26:48,2,5,0,7
2023-12-19T06:43:34,2,5,0,7
2023-12-19T07:00:20,2,5,0,7
2023-12-19T07:17:05,2,5,0,7
2023-12-19T07:33:50,2,5,0,7
2023-12-19T07:50:44,2,5,0,7
2023-12-19T08:07:32,2,5,0,7
2023-12-19T08:24:21,2,5,0,7
2023-12-19T08:41:11,2,5,0,7
2023-12-19T08:57:56,2,5,0,7
2023-12-19T09:14:41,2,5,0,7
2023-12-19T09:31:38,2,5,0,7
2023-12-19T09:48:23,2,5,0,7
2023-12-19T10:05:10,2,5,0,7
2023-12-19T10:21:57,2,5,0,7
2023-12-19T10:38:53,2,5,0,7
2023-12-19T10:55:40,2,5,0,7
2023-12-19T11:12:25,2,5,0,7
2023-12-19T11:29:22,2,5,0,7
2023-12-19T11:46:06,2,5,0,7
2023-12-19T12:02:50,2,5,0,7
2023-12-19T12:19:45,2,5,0,7
2023-12-19T12:36:29,2,5,0,7
2023-12-19T12:53:13,2,5,0,7
2023-12-19T13:10:07,2,5,0,7
2023-12-19T13:26:50,2,5,0,7
2023-12-19T13:43:34,2,5,0,7
2023-12-19T14:00:28,2,5,0,7
2023-12-19T14:17:13,2,5,0,7
2023-12-19T14:33:56,2,5,0,7
2023-12-19T14:50:53,2,5,0,7
2023-12-19T15:07:38,2,5,0,7
2023-12-19T15:24:34,2,5,0,7
2023-12-19T15:41:18,2,5,0,7
2023-12-19T15:58:02,2,5,0,7
2023-12-19T16:14:58,2,5,0,7
2023-12-19T16:31:43,2,5,0,7
2023-12-19T16:48:26,2,5,0,7
2023-12-19T17:05:21,2,5,0,7
2023-12-19T17:22:06,2,5,0,7
2023-12-19T17:38:50,2,5,0,7
2023-12-19T17:55:45,2,5,0,7
2023-12-19T18:12:29,2,5,0,7
2023-12-19T18:29:13,2,5,0,7
2023-12-19T18:46:09,2,5,0,7
2023-12-19T19:02:54,2,5,0,7
2023-12-19T19:19:37,2,5,0,7
2023-12-19T19:36:31,2,5,0,7
2023-12-19T19:53:15,2,5,0,7
2023-12-19T20:10:06,2,5,0,7
2023-12-19T20:27:02,2,5,0,7
2023-12-19T20:43:46,2,5,0,7
2023-12-19T21:00:29,2,5,0,7
2023-12-19T21:17:25,2,5,0,7
2023-12-19T21:34:11,2,5,0,7
2023-12-19T21:50:55,2,5,0,7
2023-12-19T22:07:51,2,5,0,7
2023-12-19T22:24:35,2,5,0,7
2023-12-19T22:41:19,2,5,0,7
2023-12-19T22:58:19,2,5,0,7
2023-12-19T23:15:04,2,5,0,7
2023-12-19T23:31:49,2,5,0,7
2023-12-19T23:48:46,2,5,0,7
2023-12-20T00:05:38,2,5,0,7
2023-12-20T00:22:35,2,5,0,7
2023-12-20T00:39:41,2,5,0,7
2023-12-20T00:56:32,2,5,0,7
2023-12-20T01:13:24,2,5,0,7
2023-12-20T01:30:15,2,5,0,7
2023-12-20T01:47:21,2,5,0,7
2023-12-20T02:04:10,2,5,0,7
2023-12-20T02:21:13,2,5,0,7
2023-12-20T02:38:12,2,5,0,7
2023-12-20T02:54:59,2,5,0,7
2023-12-20T03:12:12,2,5,0,7
2023-12-20T03:28:59,2,5,0,7
2023-12-20T03:45:59,2,5,0,7
2023-12-20T04:02:58,2,5,0,7
2023-12-20T04:39:02,2,5,0,7
2023-12-20T04:56:01,2,5,0,7
2023-12-20T05:13:00,2,5,0,7
2023-12-20T05:29:49,2,5,0,7
2023-12-20T05:46:37,2,5,0,7
2023-12-20T06:03:27,2,5,0,7
2023-12-20T06:20:25,2,5,0,7
2023-12-20T06:37:21,2,5,0,7
2023-12-20T06:54:18,2,5,0,7
2023-12-20T07:11:05,2,5,0,7
2023-12-20T07:27:51,2,5,0,7
2023-12-20T07:44:47,2,5,0,7
2023-12-20T08:01:35,2,5,0,7
2023-12-20T08:18:23,2,5,0,7
2023-12-20T08:35:20,2,5,0,7
2023-12-20T08:52:08,2,5,0,7
2023-12-20T09:09:06,2,5,0,7
2023-12-20T09:25:53,2,5,0,7
2023-12-20T09:42:52,2,5,0,7
2023-12-20T09:59:39,2,5,0,7
2023-12-20T10:16:29,2,5,0,7
2023-12-20T10:33:26,2,5,0,7
2023-12-20T10:50:24,2,5,0,7
2023-12-20T11:07:13,2,5,0,7
2023-12-20T11:24:10,2,5,0,7
2023-12-20T11:40:57,2,5,0,7
2023-12-20T11:57:55,2,5,0,7
2023-12-20T12:14:53,2,5,0,7
2023-12-20T12:31:40,2,5,0,7
2023-12-20T12:48:38,2,5,0,7
2023-12-20T13:05:24,2,5,0,7
2023-12-20T13:22:20,2,5,0,7
2023-12-20T13:39:05,2,5,0,7
2023-12-20T13:56:01,2,5,0,7
2023-12-20T14:12:46,2,5,0,7
2023-12-20T14:29:42,2,5,0,7
2023-12-20T14:46:27,2,5,0,7
2023-12-20T15:03:25,2,5,0,7
2023-12-20T15:20:10,2,5,0,7
2023-12-20T15:37:07,2,5,0,7
2023-12-20T15:53:52,2,5,0,7
2023-12-20T16:10:49,2,5,0,7
2023-12-20T16:27:34,2,5,0,7
2023-12-20T16:44:19,2,5,0,7
2023-12-20T17:01:15,2,5,0,7
2023-12-20T17:18:02,2,5,0,7
2023-12-20T17:34:58,2,5,0,7
2023-12-20T17:51:43,2,5,0,7
2023-12-20T18:08:39,2,5,0,7
2023-12-20T18:25:24,2,5,0,7
2023-12-20T18:42:09,2,5,0,7
2023-12-20T18:59:07,2,5,0,7
2023-12-20T19:15:53,2,5,0,7
2023-12-20T19:32:38,2,5,0,7
2023-12-20T19:49:34,2,5,0,7
2023-12-20T20:06:24,2,5,0,7
2023-12-20T20:23:21,2,5,0,7
2023-12-20T20:40:05,2,5,0,7
2023-12-20T20:57:01,2,5,0,7
2023-12-20T21:13:45,2,5,0,7
2023-12-20T21:30:30,2,5,0,7
2023-12-20T21:47:28,2,5,0,7
2023-12-20T22:04:14,2,5,0,7
2023-12-20T22:21:10,2,5,0,7
2023-12-20T22:37:55,2,5,0,7
2023-12-20T22:54:42,2,5,0,7
2023-12-20T23:11:39,2,5,0,7
2023-12-20T23:28:24,2,5,0,7
2023-12-20T23:45:12,2,5,0,7
2023-12-21T00:02:09,2,5,0,7
2023-12-21T00:18:59,2,5,0,7
2023-12-21T00:35:49,2,5,0,7
2023-12-21T00:52:52,2,5,0,7
2023-12-21T01:09:41,2,5,0,7
2023-12-21T01:26:32,2,5,0,7
2023-12-21T01:43:22,2,5,0,7
2023-12-21T02:00:23,2,5,0,7
2023-12-21T02:17:10,2,5,0,7
2023-12-21T02:33:57,2,5,0,7
2023-12-21T02:50:43,2,5,0,7
2023-12-21T03:07:44,2,5,0,7
2023-12-21T03:24:33,2,5,0,7
2023-12-21T03:41:33,2,5,0,7
2023-12-21T03:58:24,2,5,0,7
2023-12-21T04:37:13,2,5,0,7
2023-12-21T04:54:08,2,5,0,7
2023-12-21T05:10:59,2,5,0,7
2023-12-21T05:27:54,2,5,0,7
2023-12-21T05:44:44,2,5,0,7
2023-12-21T06:01:32,2,5,0,7
2023-12-21T06:18:22,2,5,0,7
2023-12-21T06:35:20,2,5,0,7
2023-12-21T06:52:08,2,5,0,7
2023-12-21T07:08:56,2,5,0,7
2023-12-21T07:25:53,2,5,0,7
2023-12-21T07:42:39,2,5,0,7
2023-12-21T07:59:25,2,5,0,7
2023-12-21T08:16:10,2,5,0,7
2023-12-21T08:33:05,2,5,0,7
2023-12-21T08:49:50,2,5,0,7
2023-12-21T09:06:35,2,5,0,7
2023-12-21T09:23:29,2,5,0,7
2023-12-21T09:40:13,2,5,0,7
2023-12-21T09:56:58,2,5,0,7
2023-12-21T10:13:53,2,5,0,7
2023-12-21T10:30:39,2,5,0,7
2023-12-21T10:47:24,2,5,0,7
2023-12-21T11:04:19,2,5,0,7
2023-12-21T11:21:04,2,5,0,7
2023-12-21T11:38:02,2,5,0,7
2023-12-21T11:54:47,2,5,0,7
2023-12-21T12:11:46,2,5,0,7
2023-12-21T12:28:32,2,5,0,7
2023-12-21T12:45:17,2,5,0,7
2023-12-21T13:02:13,2,5,0,7
2023-12-21T13:18:58,2,5,0,7
2023-12-21T13:35:56,2,5,0,7
2023-12-21T13:52:43,2,5,0,7
2023-12-21T14:09:30,2,5,0,7
2023-12-21T14:26:28,2,5,0,7
2023-12-21T14:43:16,2,5,0,7
2023-12-21T15:00:03,2,5,0,7
2023-12-21T15:17:02,2,5,0,7
2023-12-21T15:33:50,2,5,0,7
2023-12-21T15:50:48,2,5,0,7
2023-12-21T16:07:36,2,5,0,7
2023-12-21T16:24:34,2,5,0,7
2023-12-21T16:41:21,2,5,0,7
2023-12-21T16:58:11,2,5,0,7
2023-12-21T17:15:09,2,5,0,7
2023-12-21T17:31:56,2,5,0,7
2023-12-21T17:48:53,2,5,0,7
2023-12-21T18:05:41,2,5,0,7
2023-12-21T18:22:29,2,5,0,7
2023-12-21T18:39:27,2,5,0,7
2023-12-21T18:56:15,2,5,0,7
2023-12-21T19:13:13,2,5,0,7
2023-12-21T19:30:00,2,5,0,7
2023-12-21T19:46:46,2,5,0,7
2023-12-21T20:03:49,2,5,0,7
2023-12-21T20:20:36,2,5,0,7
2023-12-21T20:37:24,2,5,0,7
2023-12-21T20:54:21,2,5,0,7
2023-12-21T21:11:08,2,5,0,7
2023-12-21T21:27:54,2,5,0,7
2023-12-21T21:44:52,2,5,0,7
2023-12-21T22:01:39,2,5,0,7
2023-12-21T22:18:37,2,5,0,7
2023-12-21T22:35:24,2,5,0,7
2023-12-21T22:52:12,2,5,0,7
2023-12-21T23:09:00,2,5,0,7
2023-12-21T23:25:58,2,5,0,7
2023-12-21T23:42:45,2,5,0,7
2023-12-21T23:59:32,2,5,0,7
2023-12-22T00:16:40,2,5,0,7
2023-12-22T00:33:32,2,5,0,7
2023-12-22T00:50:24,2,5,0,7
2023-12-22T01:07:27,2,5,0,7
2023-12-22T01:24:20,2,5,0,7
2023-12-22T01:41:12,2,5,0,7
2023-12-22T01:58:04,2,5,0,7
2023-12-22T02:15:09,2,5,0,7
2023-12-22T02:31:59,2,5,0,7
2023-12-22T02:48:50,2,5,0,7
2023-12-22T03:05:53,2,5,0,7
2023-12-22T03:22:47,2,5,0,7
2023-12-22T03:39:39,2,5,0,7
2023-12-22T03:56:51,2,5,0,7
2023-12-22T04:13:42,2,5,0,7
2023-12-22T04:44:43,2,5,0,7
2023-12-22T05:01:36,2,5,0,7
2023-12-22T05:18:30,2,5,0,7
2023-12-22T05:35:21,2,5,0,7
2023-12-22T05:52:20,2,5,0,7
2023-12-22T06:09:12,2,5,0,7
2023-12-22T06:26:01,2,5,0,7
2023-12-22T06:43:00,2,5,0,7
2023-12-22T06:59:52,2,5,0,7
2023-12-22T07:16:42,2,5,0,7
2023-12-22T07:33:30,2,5,0,7
2023-12-22T07:50:29,2,5,0,7
2023-12-22T08:07:21,2,5,0,7
2023-12-22T08:24:11,2,5,0,7
2023-12-22T08:41:10,2,5,0,7
2023-12-22T08:58:00,2,5,0,7
2023-12-22T09:14:50,2,5,0,7
2023-12-22T09:31:48,2,5,0,7
2023-12-22T09:48:36,2,5,0,7
2023-12-22T10:05:23,2,5,0,7
2023-12-22T10:22:22,2,5,0,7
2023-12-22T10:39:10,2,5,0,7
2023-12-22T10:55:58,2,5,0,7
2023-12-22T11:12:56,2,5,0,7
2023-12-22T11:29:43,2,5,0,7
2023-12-22T11:46:34,2,5,0,7
2023-12-22T12:03:29,2,5,0,7
2023-12-22T12:20:18,2,5,0,7
2023-12-22T12:37:17,2,5,0,7
2023-12-22T12:54:05,2,5,0,7
2023-12-22T13:10:52,2,5,0,7
2023-12-22T13:27:50,2,5,0,7
2023-12-22T13:44:38,2,5,0,7
2023-12-22T14:01:26,2,5,0,7
2023-12-22T14:18:24,2,5,0,7
2023-12-22T14:35:11,2,5,0,7
2023-12-22T14:51:59,2,5,0,7
2023-12-22T15:08:57,2,5,0,7
2023-12-22T15:25:44,2,5,0,7
2023-12-22T15:42:42,2,5,0,7
2023-12-22T15:59:31,2,5,0,7
2023-12-22T16:16:18,2,5,0,7
2023-12-22T16:33:16,2,5,0,7
2023-12-22T16:50:03,2,5,0,7
2023-12-22T17:07:01,2,5,0,7
2023-12-22T17:23:49,2,5,0,7
2023-12-22T17:40:37,2,5,0,7
2023-12-22T17:57:35,2,5,0,7
2023-12-22T18:14:22,2,5,0,7
2023-12-22T18:31:09,2,5,0,7
2023-12-22T18:48:07,2,5,0,7
2023-12-22T19:04:55,2,5,0,7
2023-12-22T19:21:44,2,5,0,7
2023-12-22T19:38:42,2,5,0,7
2023-12-22T19:55:31,2,5,0,7
2023-12-22T20:12:19,2,5,0,7
2023-12-22T20:29:17,2,5,0,7
2023-12-22T20:46:05,2,5,0,7
2023-12-22T21:02:52,2,5,0,7
2023-12-22T21:19:51,2,5,0,7
2023-12-22T21:36:38,2,5,0,7
2023-12-22T21:53:26,2,5,0,7
2023-12-22T22:10:23,2,5,0,7
2023-12-22T22:27:11,2,5,0,7
2023-12-22T22:43:59,2,5,0,7
2023-12-22T23:00:56,2,5,0,7
2023-12-22T23:17:45,2,5,0,7
2023-12-22T23:34:32,2,5,0,7
2023-12-22T23:51:31,2,5,0,7
2023-12-23T00:08:21,2,5,0,7
2023-12-23T00:25:26,2,5,0,7
2023-12-23T00:42:30,2,5,0,7
2023-12-23T00:59:23,2,5,0,7
2023-12-23T01:16:15,2,5,0,7
2023-12-23T01:33:17,2,5,0,7
2023-12-23T01:50:08,2,5,0,7
2023-12-23T02:07:02,2,5,0,7
2023-12-23T02:24:03,2,5,0,7
2023-12-23T02:40:54,2,5,0,7
2023-12-23T02:57:53,2,5,0,7
2023-12-23T03:14:55,2,5,0,7
2023-12-23T03:32:38,2,5,0,7
2023-12-23T03:49:29,2,5,0,7
2023-12-23T04:31:06,2,5,0,7
2023-12-23T04:49:27,2,5,0,7
2023-12-23T05:06:41,2,5,0,7
2023-12-23T05:23:41,2,5,0,7
2023-12-23T05:40:33,2,5,0,7
2023-12-23T05:57:24,2,5,0,7
2023-12-23T06:14:24,2,5,0,7
2023-12-23T06:31:15,2,5,0,7
2023-12-23T06:48:07,2,5,0,7
2023-12-23T07:05:08,2,5,0,7
2023-12-23T07:21:58,2,5,0,7
2023-12-23T07:38:47,2,5,0,7
2023-12-23T07:55:45,2,5,0,7
2023-12-23T08:12:34,2,5,0,7
2023-12-23T08:29:21,2,5,0,7
2023-12-23T08:46:09,2,5,0,7
2023-12-23T09:03:08,2,5,0,7
2023-12-23T09:19:55,2,5,0,7
2023-12-23T09:36:43,2,5,0,7
2023-12-23T09:53:39,2,5,0,7
2023-12-23T10:10:26,2,5,0,7
2023-12-23T10:27:13,2,5,0,7
2023-12-23T10:44:01,2,5,0,7
2023-12-23T11:00:58,2,5,0,7
2023-12-23T11:17:45,2,5,0,7
2023-12-23T11:34:32,2,5,0,7
2023-12-23T11:51:19,2,5,0,7
2023-12-23T12:08:16,2,5,0,7
2023-12-23T12:25:03,2,5,0,7
2023-12-23T12:41:49,2,5,0,7
2023-12-23T12:58:46,2,5,0,7
2023-12-23T13:15:33,2,5,0,7
2023-12-23T13:32:20,2,5,0,7
2023-12-23T13:49:17,2,5,0,7
2023-12-23T14:06:04,2,5,0,7
2023-12-23T14:22:51,2,5,0,7
2023-12-23T14:39:48,2,5,0,7
2023-12-23T14:56:36,2,5,0,7
2023-12-23T15:13:22,2,5,0,7
2023-12-23T15:30:09,2,5,0,7
2023-12-23T15:47:05,2,5,0,7
2023-12-23T16:03:53,2,5,0,7
2023-12-23T16:20:40,2,5,0,7
2023-12-23T16:37:37,2,5,0,7
2023-12-23T16:54:24,2,5,0,7
2023-12-23T17:11:11,2,5,0,7
2023-12-23T17:28:10,2,5,0,7
2023-12-23T17:44:57,2,5,0,7
2023-12-23T18:01:44,2,5,0,7
2023-12-23T18:18:32,2,5,0,7
2023-12-23T18:35:28,2,5,0,7
2023-12-23T18:52:15,2,5,0,7
2023-12-23T19:09:03,2,5,0,7
2023-12-23T19:25:59,2,5,0,7
2023-12-23T19:42:46,2,5,0,7
2023-12-23T19:59:32,2,5,0,7
2023-12-23T20:16:19,2,5,0,7
2023-12-23T20:33:16,2,5,0,7
2023-12-23T20:50:03,2,5,0,7
2023-12-23T21:06:50,2,5,0,7
2023-12-23T21:23:47,2,5,0,7
2023-12-23T21:40:34,2,5,0,7
2023-12-23T21:57:21,2,5,0,7
2023-12-23T22:14:17,2,5,0,7
2023-12-23T22:31:04,2,5,0,7
2023-12-23T22:47:52,2,5,0,7
2023-12-23T23:04:39,2,5,0,7
2023-12-23T23:21:37,2,5,0,7
2023-12-23T23:38:24,2,5,0,7
2023-12-23T23:55:12,2,5,0,7
2023-12-24T00:12:12,2,5,0,7
2023-12-24T00:29:06,2,5,0,7
2023-12-24T00:45:58,2,5,0,7
2023-12-24T01:02:50,2,5,0,7
2023-12-24T01:19:49,2,5,0,7
2023-12-24T01:36:42,2,5,0,7
2023-12-24T01:53:33,2,5,0,7
2023-12-24T02:10:38,2,5,0,7
2023-12-24T02:27:29,2,5,0,7
2023-12-24T02:44:20,2,5,0,7
2023-12-24T03:01:12,2,5,0,7
2023-12-24T03:18:14,2,5,0,7
2023-12-24T03:35:05,2,5,0,7
2023-12-24T03:51:57,2,5,0,7
2023-12-24T04:08:58,2,5,0,7
2023-12-24T04:40:15,2,5,0,7
2023-12-24T04:58:42,2,5,0,7
2023-12-24T05:15:37,2,5,0,7
2023-12-24T05:32:28,2,5,0,7
2023-12-24T05:49:31,2,5,0,7
2023-12-24T06:06:24,2,5,0,7
2023-12-24T06:23:15,2,5,0,7
2023-12-24T06:40:14,2,5,0,7
2023-12-24T06:57:05,2,5,0,7
2023-12-24T07:13:57,2,5,0,7
2023-12-24T07:30:44,2,5,0,7
2023-12-24T07:47:32,2,5,0,7
2023-12-24T08:04:34,2,5,0,7
2023-12-24T08:21:24,2,5,0,7
2023-12-24T08:38:17,2,5,0,7
2023-12-24T08:55:13,2,5,0,7
2023-12-24T09:12:01,2,5,0,7
2023-12-24T09:28:49,2,5,0,7
2023-12-24T09:45:40,2,5,0,7
2023-12-24T10:02:40,2,5,0,7
2023-12-24T10:19:34,2,5,0,7
2023-12-24T10:36:29,2,5,0,7
2023-12-24T10:53:26,2,5,0,7
2023-12-24T11:10:30,2,5,0,7
2023-12-24T11:27:19,2,5,0,7
2023-12-24T11:44:06,2,5,0,7
2023-12-24T12:00:54,2,5,0,7
2023-12-24T12:17:51,2,5,0,7
2023-12-24T12:34:38,2,5,0,7
2023-12-24T12:51:25,2,5,0,7
2023-12-24T13:08:20,2,5,0,7
2023-12-24T13:25:06,2,5,0,7
2023-12-24T13:41:53,2,5,0,7
2023-12-24T13:58:39,2,5,0,7
2023-12-24T14:15:35,2,5,0,7
2023-12-24T14:32:22,2,5,0,7
2023-12-24T14:49:08,2,5,0,7
2023-12-24T15:05:55,2,5,0,7
2023-12-24T15:22:51,2,5,0,7
2023-12-24T15:39:39,2,5,0,7
2023-12-24T15:56:26,2,5,0,7
2023-12-24T16:13:24,2,5,0,7
2023-12-24T16:30:12,2,5,0,7
2023-12-24T16:46:59,2,5,0,7
2023-12-24T17:03:45,2,5,0,7
2023-12-24T17:20:42,2,5,0,7
2023-12-24T17:37:28,2,5,0,7
2023-12-24T17:54:14,2,5,0,7
2023-12-24T18:11:01,2,5,0,7
2023-12-24T18:27:58,2,5,0,7
2023-12-24T18:44:44,2,5,0,7
2023-12-24T19:01:31,2,5,0,7
2023-12-24T19:18:29,2,5,0,7
2023-12-24T19:35:17,2,5,0,7
2023-12-24T19:52:04,2,5,0,7
2023-12-24T20:08:50,2,5,0,7
2023-12-24T20:25:48,2,5,0,7
2023-12-24T20:42:35,2,5,0,7
2023-12-24T20:59:22,2,5,0,7
2023-12-24T21:16:18,2,5,0,7
2023-12-24T21:33:06,2,5,0,7
2023-12-24T21:49:57,2,5,0,7
2023-12-24T22:06:56,2,5,0,7
2023-12-24T22:23:43,2,5,0,7
2023-12-24T22:40:30,2,5,0,7
2023-12-24T22:57:18,2,5,0,7
2023-12-24T23:14:16,2,5,0,7
2023-12-24T23:31:04,2,5,0,7
2023-12-24T23:47:52,2,5,0,7
2023-12-25T00:04:53,2,5,0,7
2023-12-25T00:21:44,2,5,0,7
2023-12-25T00:38:34,2,5,0,7
2023-12-25T00:55:22,2,5,0,7
2023-12-25T01:12:20,2,5,0,7
2023-12-25T01:29:06,2,5,0,7
2023-12-25T01:45:52,2,5,0,7
2023-12-25T02:02:39,2,5,0,7
2023-12-25T02:19:46,2,5,0,7
2023-12-25T02:36:47,2,5,0,7
2023-12-25T02:53:42,2,5,0,7
2023-12-25T03:11:17,2,5,0,7
2023-12-25T03:28:21,2,5,0,7
2023-12-25T03:45:13,2,5,0,7
2023-12-25T04:02:06,2,5,0,7
2023-12-25T04:40:42,2,5,0,7
2023-12-25T04:57:35,2,5,0,7
2023-12-25T05:14:28,2,5,0,7
2023-12-25T05:31:19,2,5,0,7
2023-12-25T05:48:11,2,5,0,7
2023-12-25T06:05:15,2,5,0,7
2023-12-25T06:22:06,2,5,0,7
2023-12-25T06:38:58,2,5,0,7
2023-12-25T06:55:50,2,5,0,7
2023-12-25T07:12:44,2,5,0,7
2023-12-25T07:29:43,2,5,0,7
2023-12-25T07:46:32,2,5,0,7
2023-12-25T08:03:24,2,5,0,7
2023-12-25T08:20:15,2,5,0,7
2023-12-25T08:37:14,2,5,0,7
2023-12-25T08:54:03,2,5,0,7
2023-12-25T09:10:51,2,5,0,7
2023-12-25T09:27:37,2,5,0,7
2023-12-25T09:44:32,2,5,0,7
2023-12-25T10:01:20,2,5,0,7
2023-12-25T10:18:06,2,5,0,7
2023-12-25T10:34:52,2,5,0,7
2023-12-25T10:51:47,2,5,0,7
2023-12-25T11:08:33,2,5,0,7
2023-12-25T11:25:21,2,5,0,7
2023-12-25T11:42:07,2,5,0,7
2023-12-25T11:59:02,2,5,0,7
2023-12-25T12:15:49,2,5,0,7
2023-12-25T12:32:35,2,5,0,7
2023-12-25T12:49:30,2,5,0,7
2023-12-25T13:06:17,2,5,0,7
2023-12-25T13:23:04,2,5,0,7
2023-12-25T13:39:50,2,5,0,7
2023-12-25T13:56:48,2,5,0,7
2023-12-25T14:13:34,2,5,0,7
2023-12-25T14:30:20,2,5,0,7
2023-12-25T14:47:15,2,5,0,7
2023-12-25T15:04:01,2,5,0,7
2023-12-25T15:20:47,2,5,0,7
2023-12-25T15:37:32,2,5,0,7
2023-12-25T15:54:27,2,5,0,7
2023-12-25T16:11:13,2,5,0,7
2023-12-25T16:27:59,2,5,0,7
2023-12-25T16:44:55,2,5,0,7
2023-12-25T17:01:42,2,5,0,7
2023-12-25T17:18:28,2,5,0,7
2023-12-25T17:35:15,2,5,0,7
2023-12-25T17:52:09,2,5,0,7
2023-12-25T18:08:55,2,5,0,7
2023-12-25T18:25:42,2,5,0,7
2023-12-25T18:42:29,2,5,0,7
2023-12-25T18:59:25,2,5,0,7
2023-12-25T19:16:13,2,5,0,7
2023-12-25T19:32:59,2,5,0,7
2023-12-25T19:49:54,2,5,0,7
2023-12-25T20:06:41,2,5,0,7
2023-12-25T20:23:27,2,5,0,7
2023-12-25T20:40:14,2,5,0,7
2023-12-25T20:57:00,2,5,0,7
2023-12-25T21:13:55,2,5,0,7
2023-12-25T21:30:41,2,5,0,7
2023-12-25T21:47:27,2,5,0,7
2023-12-25T22:04:14,2,5,0,7
2023-12-25T22:21:09,2,5,0,7
2023-12-25T22:37:56,2,5,0,7
2023-12-25T22:54:42,2,5,0,7
2023-12-25T23:11:38,2,5,0,7
2023-12-25T23:28:25,2,5,0,7
2023-12-25T23:45:13,2,5,0,7
2023-12-26T00:02:02,2,5,0,7
2023-12-26T00:19:04,2,5,0,7
2023-12-26T00:35:57,2,5,0,7
2023-12-26T00:52:50,2,5,0,7
2023-12-26T01:09:55,2,5,0,7
2023-12-26T01:26:45,2,5,0,7
2023-12-26T01:43:38,2,5,0,7
2023-12-26T02:00:29,2,5,0,7
2023-12-26T02:17:26,2,5,0,7
2023-12-26T02:34:25,2,5,0,7
2023-12-26T02:51:15,2,5,0,7
2023-12-26T03:08:04,2,5,0,7
2023-12-26T03:25:05,2,5,0,7
2023-12-26T03:41:56,2,5,0,7
2023-12-26T03:58:46,2,5,0,7
2023-12-26T04:35:26,2,5,0,7
2023-12-26T04:52:19,2,5,0,7
2023-12-26T05:09:14,2,5,0,7
2023-12-26T05:26:06,2,5,0,7
2023-12-26T05:43:08,2,5,0,7
2023-12-26T06:00:01,2,5,0,7
2023-12-26T06:16:54,2,5,0,7
2023-12-26T06:33:45,2,5,0,7
2023-12-26T06:50:43,2,5,0,7
2023-12-26T07:07:35,2,5,0,7
2023-12-26T07:24:22,2,5,0,7
2023-12-26T07:41:09,2,5,0,7
2023-12-26T07:57:56,2,5,0,7
2023-12-26T08:14:51,2,5,0,7
2023-12-26T08:31:39,2,5,0,7
2023-12-26T08:48:26,2,5,0,7
2023-12-26T09:05:21,2,5,0,7
2023-12-26T09:22:07,2,5,0,7
2023-12-26T09:38:54,2,5,0,7
2023-12-26T09:55:41,2,5,0,7
2023-12-26T10:12:27,2,5,0,7
2023-12-26T10:29:22,2,5,0,7
2023-12-26T10:46:07,2,5,0,7
2023-12-26T11:02:54,2,5,0,7
2023-12-26T11:19:48,2,5,0,7
2023-12-26T11:36:34,2,5,0,7
2023-12-26T11:53:20,2,5,0,7
2023-12-26T12:10:16,2,5,0,7
2023-12-26T12:27:03,2,5,0,7
2023-12-26T12:43:49,2,5,0,7
2023-12-26T13:00:35,2,5,0,7
2023-12-26T13:17:30,2,5,0,7
2023-12-26T13:34:15,2,5,0,7
2023-12-26T13:51:02,2,5,0,7
2023-12-26T14:07:48,2,5,0,7
2023-12-26T14:24:43,2,5,0,7
2023-12-26T14:41:29,2,5,0,7
2023-12-26T14:58:15,2,5,0,7
2023-12-26T15:15:12,2,5,0,7
2023-12-26T15:31:58,2,5,0,7
2023-12-26T15:48:44,2,5,0,7
2023-12-26T16:05:40,2,5,0,7
2023-12-26T16:22:26,2,5,0,7
2023-12-26T16:39:12,2,5,0,7
2023-12-26T16:56:11,2,5,0,7
2023-12-26T17:12:59,2,5,0,7
2023-12-26T17:29:45,2,5,0,7
2023-12-26T17:46:32,2,5,0,7
2023-12-26T18:03:28,2,5,0,7
2023-12-26T18:20:15,2,5,0,7
2023-12-26T18:37:02,2,5,0,7
2023-12-26T18:53:58,2,5,0,7
2023-12-26T19:10:45,2,5,0,7
2023-12-26T19:27:32,2,5,0,7
2023-12-26T19:44:18,2,5,0,7
2023-12-26T20:01:14,2,5,0,7
2023-12-26T20:18:02,2,5,0,7
2023-12-26T20:34:48,2,5,0,7
2023-12-26T20:51:34,2,5,0,7
2023-12-26T21:08:31,2,5,0,7
2023-12-26T21:25:17,2,5,0,7
2023-12-26T21:42:03,2,5,0,7
2023-12-26T21:59:00,2,5,0,7
2023-12-26T22:15:47,2,5,0,7
2023-12-26T22:32:33,2,5,0,7
2023-12-26T22:49:20,2,5,0,7
2023-12-26T23:06:18,2,5,0,7
2023-12-26T23:23:05,2,5,0,7
2023-12-26T23:39:51,2,5,0,7
2023-12-26T23:56:39,2,5,0,7
2023-12-27T00:13:39,2,5,0,7
2023-12-27T00:30:31,2,5,0,7
2023-12-27T00:47:26,2,5,0,7
2023-12-27T01:04:29,2,5,0,7
2023-12-27T01:21:18,2,5,0,7
2023-12-27T01:38:13,2,5,0,7
2023-12-27T01:55:03,2,5,0,7
2023-12-27T02:12:16,2,5,0,7
2023-12-27T02:29:08,2,5,0,7
2023-12-27T02:45:59,2,5,0,7
2023-12-27T03:02:52,2,5,0,7
2023-12-27T03:19:53,2,5,0,7
2023-12-27T03:36:43,2,5,0,7
2023-12-27T03:53:35,2,5,0,7
2023-12-27T04:38:54,2,5,0,7
2023-12-27T04:55:47,2,5,0,7
2023-12-27T05:12:44,2,5,0,7
2023-12-27T05:29:34,2,5,0,7
2023-12-27T05:46:38,2,5,0,7
2023-12-27T06:03:32,2,5,0,7
2023-12-27T06:20:23,2,5,0,7
2023-12-27T06:37:24,2,5,0,7
2023-12-27T06:54:14,2,5,0,7
2023-12-27T07:11:07,2,5,0,7
2023-12-27T07:27:55,2,5,0,7
2023-12-27T07:44:50,2,5,0,7
2023-12-27T08:01:37,2,5,0,7
2023-12-27T08:18:24,2,5,0,7
2023-12-27T08:35:11,2,5,0,7
2023-12-27T08:52:09,2,5,0,7
2023-12-27T09:08:57,2,5,0,7
2023-12-27T09:25:43,2,5,0,7
2023-12-27T09:42:30,2,5,0,7
2023-12-27T09:59:18,2,5,0,7
2023-12-27T10:16:15,2,5,0,7
2023-12-27T10:33:03,2,5,0,7
2023-12-27T10:49:50,2,5,0,7
2023-12-27T11:06:37,2,5,0,7
2023-12-27T11:23:24,2,5,0,7
2023-12-27T11:40:19,2,5,0,7
2023-12-27T11:57:06,2,5,0,7
2023-12-27T12:13:53,2,5,0,7
2023-12-27T12:30:49,2,5,0,7
2023-12-27T12:47:35,2,5,0,7
2023-12-27T13:04:23,2,5,0,7
2023-12-27T13:21:09,2,5,0,7
2023-12-27T13:38:06,2,5,0,7
2023-12-27T13:54:53,2,5,0,7
2023-12-27T14:11:43,2,5,0,7
2023-12-27T14:28:30,2,5,0,7
2023-12-27T14:45:26,2,5,0,7
2023-12-27T15:02:14,2,5,0,7
2023-12-27T15:19:01,2,5,0,7
2023-12-27T15:35:47,2,5,0,7
2023-12-27T15:52:44,2,5,0,7
2023-12-27T16:09:31,2,5,0,7
2023-12-27T16:26:17,2,5,0,7
2023-12-27T16:43:03,2,5,0,7
2023-12-27T17:00:00,2,5,0,7
2023-12-27T17:16:48,2,5,0,7
2023-12-27T17:33:35,2,5,0,7
2023-12-27T17:50:21,2,5,0,7
2023-12-27T18:07:19,2,5,0,7
2023-12-27T18:24:07,2,5,0,7
2023-12-27T18:40:53,2,5,0,7
2023-12-27T18:57:40,2,5,0,7
2023-12-27T19:37:23,2,5,0,7
2023-12-27T19:54:10,2,5,0,7
2023-12-27T20:10:56,2,5,0,7
2023-12-27T20:27:52,2,5,0,7
2023-12-27T20:44:38,2,5,0,7
2023-12-27T21:01:24,2,5,0,7
2023-12-27T21:18:11,2,5,0,7
2023-12-27T21:34:58,2,5,0,7
2023-12-27T21:51:46,2,5,0,7
2023-12-27T22:08:46,2,5,0,7
2023-12-27T22:25:33,2,5,0,7
2023-12-27T22:42:20,2,5,0,7
2023-12-27T22:59:06,2,5,0,7
2023-12-27T23:15:54,2,5,0,7
2023-12-27T23:32:51,2,5,0,7
2023-12-27T23:49:38,2,5,0,7
2023-12-28T00:06:27,2,5,0,7
2023-12-28T00:23:24,2,5,0,7
2023-12-28T00:40:16,2,5,0,7
2023-12-28T00:57:20,2,5,0,7
2023-12-28T01:14:11,2,5,0,7
2023-12-28T01:31:00,2,5,0,7
2023-12-28T01:47:48,2,5,0,7
2023-12-28T02:04:35,2,5,0,7
2023-12-28T02:21:32,2,5,0,7
2023-12-28T02:38:18,2,5,0,7
2023-12-28T02:55:05,2,5,0,7
2023-12-28T03:11:54,2,5,0,7
2023-12-28T03:28:44,2,5,0,7
2023-12-28T03:45:44,2,5,0,7
2023-12-28T04:02:35,2,5,0,7
2023-12-28T04:41:39,2,5,0,7
2023-12-28T05:00:12,2,5,0,7
2023-12-28T05:17:07,2,5,0,7
2023-12-28T05:33:53,2,5,0,7
2023-12-28T05:50:39,2,5,0,7
2023-12-28T06:07:36,2,5,0,7
2023-12-28T06:24:30,2,5,0,7
2023-12-28T06:41:16,2,5,0,7
2023-12-28T06:58:12,2,5,0,7
2023-12-28T07:15:00,2,5,0,7
2023-12-28T07:31:57,2,5,0,7
2023-12-28T07:48:45,2,5,0,7
2023-12-28T08:05:33,2,5,0,7
2023-12-28T08:22:48,2,5,0,7
2023-12-28T08:39:38,2,5,0,7
2023-12-28T08:56:37,2,5,0,7
2023-12-28T09:13:27,2,5,0,7
2023-12-28T09:30:25,2,5,0,7
2023-12-28T09:47:14,2,5,0,7
2023-12-28T10:04:03,2,5,0,7
2023-12-28T10:21:03,2,5,0,7
2023-12-28T10:37:53,2,5,0,7
2023-12-28T10:54:44,2,5,0,7
2023-12-28T11:11:33,2,5,0,7
2023-12-28T11:28:30,2,5,0,7
2023-12-28T11:45:20,2,5,0,7
2023-12-28T12:02:09,2,5,0,7
2023-12-28T12:19:08,2,5,0,7
2023-12-28T12:35:57,2,5,0,7
2023-12-28T12:52:45,2,5,0,7
2023-12-28T13:09:31,2,5,0,7
2023-12-28T13:26:28,2,5,0,7
2023-12-28T13:43:14,2,5,0,7
2023-12-28T14:00:01,2,5,0,7
2023-12-28T14:16:47,2,5,0,7
2023-12-28T14:33:44,2,5,0,7
2023-12-28T14:50:30,2,5,0,7
2023-12-28T15:07:17,2,5,0,7
2023-12-28T15:24:03,2,5,0,7
2023-12-28T15:40:58,2,5,0,7
2023-12-28T15:57:45,2,5,0,7
2023-12-28T16:14:31,2,5,0,7
2023-12-28T16:31:16,2,5,0,7
2023-12-28T16:48:02,2,5,0,7
2023-12-28T17:04:58,2,5,0,7
2023-12-28T17:21:45,2,5,0,7
2023-12-28T17:38:32,2,5,0,7
2023-12-28T17:55:18,2,5,0,7
2023-12-28T18:12:04,2,5,0,7
2023-12-28T18:29:00,2,5,0,7
2023-12-28T18:45:47,2,5,0,7
2023-12-28T19:02:34,2,5,0,7
2023-12-28T19:19:21,2,5,0,7
2023-12-28T19:36:08,2,5,0,7
2023-12-28T19:53:04,2,5,0,7
2023-12-28T20:09:50,2,5,0,7
2023-12-28T20:26:36,2,5,0,7
2023-12-28T20:43:22,2,5,0,7
2023-12-28T21:00:09,2,5,0,7
2023-12-28T21:17:04,2,5,0,7
2023-12-28T21:33:50,2,5,0,7
2023-12-28T21:50:36,2,5,0,7
2023-12-28T22:07:23,2,5,0,7
2023-12-28T22:24:10,2,5,0,7
2023-12-28T22:41:05,2,5,0,7
2023-12-28T22:57:52,2,5,0,7
2023-12-28T23:14:39,2,5,0,7
2023-12-28T23:31:26,2,5,0,7
2023-12-28T23:48:13,2,5,0,7
2023-12-29T00:05:12,2,5,0,7
2023-12-29T00:22:04,2,5,0,7
2023-12-29T00:38:55,2,5,0,7
2023-12-29T00:55:47,2,5,0,7
2023-12-29T01:12:39,2,5,0,7
2023-12-29T01:29:42,2,5,0,7
2023-12-29T01:46:35,2,5,0,7
2023-12-29T02:03:27,2,5,0,7
2023-12-29T02:20:18,2,5,0,7
2023-12-29T02:37:09,2,5,0,7
2023-12-29T02:54:02,2,5,0,7
2023-12-29T03:11:22,2,5,0,7
2023-12-29T03:28:13,2,5,0,7
2023-12-29T03:45:04,2,5,0,7
2023-12-29T04:01:56,2,5,0,7
2023-12-29T04:34:04,2,5,0,7
2023-12-29T04:52:19,2,5,0,7
2023-12-29T05:09:35,2,5,0,7
2023-12-29T05:26:25,2,5,0,7
2023-12-29T05:43:17,2,5,0,7
2023-12-29T06:00:17,2,5,0,7
2023-12-29T06:17:09,2,5,0,7
2023-12-29T06:34:01,2,5,0,7
2023-12-29T06:50:52,2,5,0,7
2023-12-29T07:07:56,2,5,0,7
2023-12-29T07:24:44,2,5,0,7
2023-12-29T07:41:32,2,5,0,7
2023-12-29T07:58:18,2,5,0,7
2023-12-29T08:15:15,2,5,0,7
2023-12-29T08:32:02,2,5,0,7
2023-12-29T08:48:48,2,5,0,7
2023-12-29T09:05:35,2,5,0,7
2023-12-29T09:22:36,2,5,0,7
2023-12-29T09:39:22,2,5,0,7
2023-12-29T09:56:10,2,5,0,7
2023-12-29T10:12:56,2,5,0,7
2023-12-29T10:29:50,2,5,0,7
2023-12-29T10:46:37,2,5,0,7
2023-12-29T11:03:23,2,5,0,7
2023-12-29T11:20:10,2,5,0,7
2023-12-29T11:37:05,2,5,0,7
2023-12-29T11:53:51,2,5,0,7
2023-12-29T12:10:48,2,5,0,7
2023-12-29T12:27:34,2,5,0,7
2023-12-29T12:44:20,2,5,0,7
2023-12-29T13:01:07,2,5,0,7
2023-12-29T13:18:07,2,5,0,7
2023-12-29T13:34:53,2,5,0,7
2023-12-29T13:51:39,2,5,0,7
2023-12-29T14:08:35,2,5,0,7
2023-12-29T14:25:22,2,5,0,7
2023-12-29T14:42:08,2,5,0,7
2023-12-29T14:59:04,2,5,0,7
2023-12-29T15:15:50,2,5,0,7
2023-12-29T15:32:37,2,5,0,7
2023-12-29T15:49:40,2,5,0,7
2023-12-29T16:06:26,2,5,0,7
2023-12-29T16:23:12,2,5,0,7
2023-12-29T16:39:58,2,5,0,7
2023-12-29T16:56:54,2,5,0,7
2023-12-29T17:13:40,2,5,0,7
2023-12-29T17:30:27,2,5,0,7
2023-12-29T17:47:22,2,5,0,7
2023-12-29T18:04:09,2,5,0,7
2023-12-29T18:20:55,2,5,0,7
2023-12-29T18:37:42,2,5,0,7
2023-12-29T18:54:29,2,5,0,7
2023-12-29T19:11:24,2,5,0,7
2023-12-29T19:28:12,2,5,0,7
2023-12-29T19:44:58,2,5,0,7
2023-12-29T20:01:45,2,5,0,7
2023-12-29T20:18:41,2,5,0,7
2023-12-29T20:35:27,2,5,0,7
2023-12-29T20:52:14,2,5,0,7
2023-12-29T21:09:18,2,5,0,7
2023-12-29T21:26:04,2,5,0,7
2023-12-29T21:42:50,2,5,0,7
2023-12-29T21:59:37,2,5,0,7
2023-12-29T22:16:23,2,5,0,7
2023-12-29T22:33:19,2,5,0,7
2023-12-29T22:50:05,2,5,0,7
2023-12-29T23:06:52,2,5,0,7
2023-12-29T23:23:38,2,5,0,7
2023-12-29T23:40:40,2,5,0,7
2023-12-29T23:57:27,2,5,0,7
2023-12-30T00:14:21,2,5,0,7
2023-12-30T00:31:16,2,5,0,7
2023-12-30T00:48:29,2,5,0,7
2023-12-30T01:05:22,2,5,0,7
2023-12-30T01:22:12,2,5,0,7
2023-12-30T01:39:06,2,5,0,7
2023-12-30T01:56:14,2,5,0,7
2023-12-30T02:13:03,2,5,0,7
2023-12-30T02:29:52,2,5,0,7
2023-12-30T02:46:39,2,5,0,7
2023-12-30T03:03:35,2,5,0,7
2023-12-30T03:20:24,2,5,0,7
2023-12-30T03:37:13,2,5,0,7
2023-12-30T03:54:19,2,5,0,7
2023-12-30T04:34:18,2,5,0,7
2023-12-30T04:51:11,2,5,0,7
2023-12-30T05:08:09,2,5,0,7
2023-12-30T05:25:12,2,5,0,7
2023-12-30T05:42:15,2,5,0,7
2023-12-30T05:59:07,2,5,0,7
2023-12-30T06:16:06,2,5,0,7
2023-12-30T06:32:57,2,5,0,7
2023-12-30T06:49:46,2,5,0,7
2023-12-30T07:06:37,2,5,0,7
2023-12-30T07:23:36,2,5,0,7
2023-12-30T07:40:25,2,5,0,7
2023-12-30T07:57:15,2,5,0,7
2023-12-30T08:14:15,2,5,0,7
2023-12-30T08:31:06,2,5,0,7
2023-12-30T08:47:55,2,5,0,7
2023-12-30T09:04:54,2,5,0,7
2023-12-30T09:21:44,2,5,0,7
2023-12-30T09:38:33,2,5,0,7
2023-12-30T09:55:31,2,5,0,7
2023-12-30T10:12:21,2,5,0,7
2023-12-30T10:29:11,2,5,0,7
2023-12-30T10:46:01,2,5,0,7
2023-12-30T11:02:58,2,5,0,7
2023-12-30T11:19:48,2,5,0,7
2023-12-30T11:36:37,2,5,0,7
2023-12-30T11:53:26,2,5,0,7
2023-12-30T12:10:23,2,5,0,7
2023-12-30T12:27:11,2,5,0,7
2023-12-30T12:44:09,2,5,0,7
2023-12-30T13:00:56,2,5,0,7
2023-12-30T13:17:43,2,5,0,7
2023-12-30T13:34:29,2,5,0,7
2023-12-30T13:51:24,2,5,0,7
2023-12-30T14:08:14,2,5,0,7
2023-12-30T14:25:00,2,5,0,7
2023-12-30T14:41:56,2,5,0,7
2023-12-30T14:58:42,2,5,0,7
2023-12-30T15:15:27,2,5,0,7
2023-12-30T15:32:22,2,5,0,7
2023-12-30T15:49:08,2,5,0,7
2023-12-30T16:05:54,2,5,0,7
2023-12-30T16:22:40,2,5,0,7
2023-12-30T16:39:35,2,5,0,7
2023-12-30T16:56:21,2,5,0,7
2023-12-30T17:13:07,2,5,0,7
2023-12-30T17:29:53,2,5,0,7
2023-12-30T17:46:49,2,5,0,7
2023-12-30T18:03:36,2,5,0,7
2023-12-30T18:20:22,2,5,0,7
2023-12-30T18:37:08,2,5,0,7
2023-12-30T18:54:04,2,5,0,7
2023-12-30T19:10:51,2,5,0,7
2023-12-30T19:27:38,2,5,0,7
2023-12-30T19:44:33,2,5,0,7
2023-12-30T20:01:19,2,5,0,7
2023-12-30T20:18:06,2,5,0,7
2023-12-30T20:34:52,2,5,0,7
2023-12-30T20:51:48,2,5,0,7
2023-12-30T21:08:35,2,5,0,7
2023-12-30T21:25:21,2,5,0,7
2023-12-30T21:42:17,2,5,0,7
2023-12-30T21:59:04,2,5,0,7
2023-12-30T22:15:50,2,5,0,7
2023-12-30T22:32:36,2,5,0,7
2023-12-30T22:49:33,2,5,0,7
2023-12-30T23:06:20,2,5,0,7
2023-12-30T23:23:08,2,5,0,7
2023-12-30T23:39:54,2,5,0,7
2023-12-30T23:56:51,2,5,0,7
2023-12-31T00:13:41,2,5,0,7
2023-12-31T00:30:32,2,5,0,7
2023-12-31T00:47:24,2,5,0,7
2023-12-31T01:04:24,2,5,0,7
2023-12-31T01:21:13,2,5,0,7
2023-12-31T01:38:06,2,5,0,7
2023-12-31T01:55:06,2,5,0,7
2023-12-31T02:12:05,2,5,0,7
2023-12-31T02:28:55,2,5,0,7
2023-12-31T02:45:46,2,5,0,7
2023-12-31T03:02:36,2,5,0,7
2023-12-31T03:19:37,2,5,0,7
2023-12-31T03:36:27,2,5,0,7
2023-12-31T03:53:17,2,5,0,7
2023-12-31T04:32:19,2,5,0,7
2023-12-31T04:49:29,2,5,0,7
2023-12-31T05:06:23,2,5,0,7
2023-12-31T05:23:24,2,5,0,7
2023-12-31T05:40:18,2,5,0,7
2023-12-31T05:57:17,2,5,0,7
2023-12-31T06:14:08,2,5,0,7
2023-12-31T06:30:59,2,5,0,7
2023-12-31T06:47:50,2,5,0,7
2023-12-31T07:04:48,2,5,0,7
2023-12-31T07:21:35,2,5,0,7
2023-12-31T07:38:21,2,5,0,7
2023-12-31T07:55:08,2,5,0,7
2023-12-31T08:12:06,2,5,0,7
2023-12-31T08:28:55,2,5,0,7
2023-12-31T08:45:42,2,5,0,7
2023-12-31T09:02:27,2,5,0,7
2023-12-31T09:19:22,2,5,0,7
2023-12-31T09:36:07,2,5,0,7
2023-12-31T09:52:54,2,5,0,7
2023-12-31T10:09:42,2,5,0,7
2023-12-31T10:26:30,2,5,0,7
2023-12-31T10:43:28,2,5,0,7
2023-12-31T11:00:15,2,5,0,7
2023-12-31T11:17:05,2,5,0,7
2023-12-31T11:34:04,2,5,0,7
2023-12-31T11:50:54,2,5,0,7
2023-12-31T12:07:44,2,5,0,7
2023-12-31T12:24:42,2,5,0,7
2023-12-31T12:41:30,2,5,0,7
2023-12-31T12:58:16,2,5,0,7
2023-12-31T13:15:02,2,5,0,7
2023-12-31T13:31:58,2,5,0,7
2023-12-31T13:48:44,2,5,0,7
2023-12-31T14:05:30,2,5,0,7
2023-12-31T14:22:27,2,5,0,7
2023-12-31T14:39:13,2,5,0,7
2023-12-31T14:56:01,2,5,0,7
2023-12-31T15:12:46,2,5,0,7
2023-12-31T15:29:41,2,5,0,7
2023-12-31T15:46:26,2,5,0,7
2023-12-31T16:03:12,2,5,0,7
2023-12-31T16:20:08,2,5,0,7
2023-12-31T16:36:55,2,5,0,7
2023-12-31T16:53:51,2,5,0,7
2023-12-31T17:10:37,2,5,0,7
2023-12-31T17:27:23,2,5,0,7
2023-12-31T17:44:10,2,5,0,7
2023-12-31T18:01:05,2,5,0,7
2023-12-31T18:17:51,2,5,0,7
2023-12-31T18:34:37,2,5,0,7
2023-12-31T18:51:33,2,5,0,7
2023-12-31T19:08:22,2,5,0,7
2023-12-31T19:25:09,2,5,0,7
2023-12-31T19:41:55,2,5,0,7
2023-12-31T19:58:51,2,5,0,7
2023-12-31T20:15:37,2,5,0,7
2023-12-31T20:32:23,2,5,0,7
2023-12-31T20:49:18,2,5,0,7
2023-12-31T21:06:04,2,5,0,7
2023-12-31T21:22:52,2,5,0,7
2023-12-31T21:39:43,2,5,0,7
2023-12-31T21:56:41,2,5,0,7
2023-12-31T22:13:27,2,5,0,7
2023-12-31T22:30:14,2,5,0,7
2023-12-31T22:47:00,2,5,0,7
2023-12-31T23:03:57,2,5,0,7
2023-12-31T23:20:44,2,5,0,7
2023-12-31T23:37:31,2,5,0,7
2023-12-31T23:54:26,2,5,0,7
2024-01-01T00:11:20,2,5,0,7
2024-01-01T00:28:25,2,5,0,7
2024-01-01T00:45:21,2,5,0,7
2024-01-01T01:02:13,2,5,0,7
2024-01-01T01:19:15,2,5,0,7
2024-01-01T01:36:12,2,5,0,7
2024-01-01T01:53:04,2,5,0,7
2024-01-01T02:09:56,2,5,0,7
2024-01-01T02:27:05,2,5,0,7
2024-01-01T02:43:54,2,5,0,7
2024-01-01T03:00:44,2,5,0,7
2024-01-01T03:17:45,2,5,0,7
2024-01-01T03:34:35,2,5,0,7
2024-01-01T03:51:24,2,5,0,7
2024-01-01T04:08:15,2,5,0,7
2024-01-01T04:41:28,2,5,0,7
2024-01-01T04:58:23,2,5,0,7
2024-01-01T05:15:22,2,5,0,7
2024-01-01T05:32:21,2,5,0,7
2024-01-01T05:49:12,2,5,0,7
2024-01-01T06:06:04,2,5,0,7
2024-01-01T06:22:54,2,5,0,7
2024-01-01T06:39:47,2,5,0,7
2024-01-01T06:56:47,2,5,0,7
2024-01-01T07:13:37,2,5,0,7
2024-01-01T07:30:27,2,5,0,7
2024-01-01T07:47:14,2,5,0,7
2024-01-01T08:04:09,2,5,0,7
2024-01-01T08:20:56,2,5,0,7
2024-01-01T08:37:44,2,5,0,7
2024-01-01T08:54:30,2,5,0,7
2024-01-01T09:11:16,2,5,0,7
2024-01-01T09:28:12,2,5,0,7
2024-01-01T09:44:58,2,5,0,7
2024-01-01T10:01:45,2,5,0,7
2024-01-01T10:18:42,2,5,0,7
2024-01-01T10:35:28,2,5,0,7
2024-01-01T10:52:15,2,5,0,7
2024-01-01T11:09:21,2,5,0,7
2024-01-01T11:26:07,2,5,0,7
2024-01-01T11:43:08,2,5,0,7
2024-01-01T11:59:55,2,5,0,7
2024-01-01T12:16:42,2,5,0,7
2024-01-01T12:33:38,2,5,0,7
2024-01-01T12:50:26,2,5,0,7
2024-01-01T13:07:13,2,5,0,7
2024-01-01T13:24:11,2,5,0,7
2024-01-01T13:40:57,2,5,0,7
2024-01-01T13:57:52,2,5,0,7
2024-01-01T14:14:38,2,5,0,7
2024-01-01T14:31:25,2,5,0,7
2024-01-01T14:48:12,2,5,0,7
2024-01-01T15:05:15,2,5,0,7
2024-01-01T15:22:02,2,5,0,7
2024-01-01T15:38:57,2,5,0,7
2024-01-01T15:55:43,2,5,0,7
2024-01-01T16:12:29,2,5,0,7
2024-01-01T16:29:17,2,5,0,7
2024-01-01T16:46:13,2,5,0,7
2024-01-01T17:03:00,2,5,0,7
2024-01-01T17:19:47,2,5,0,7
2024-01-01T17:36:33,2,5,0,7
2024-01-01T17:53:30,2,5,0,7
2024-01-01T18:10:16,2,5,0,7
2024-01-01T18:27:05,2,5,0,7
2024-01-01T18:44:07,2,5,0,7
2024-01-01T19:00:54,2,5,0,7
2024-01-01T19:17:43,2,5,0,7
2024-01-01T19:34:30,2,5,0,7
2024-01-01T19:51:26,2,5,0,7
2024-01-01T20:08:14,2,5,0,7
2024-01-01T20:25:01,2,5,0,7
2024-01-01T20:41:56,2,5,0,7
2024-01-01T20:58:43,2,5,0,7
2024-01-01T21:15:29,2,5,0,7
2024-01-01T21:32:26,2,5,0,7
2024-01-01T21:49:12,2,5,0,7
2024-01-01T22:05:58,2,5,0,7
2024-01-01T22:22:44,2,5,0,7
2024-01-01T22:39:40,2,5,0,7
2024-01-01T22:56:26,2,5,0,7
2024-01-01T23:13:13,2,5,0,7
2024-01-01T23:30:00,2,5,0,7
2024-01-01T23:46:57,2,5,0,7
2024-01-02T00:03:44,2,5,0,7
2024-01-02T00:20:34,2,5,0,7
2024-01-02T00:37:36,2,5,0,7
2024-01-02T00:54:28,2,5,0,7
2024-01-02T01:11:18,2,5,0,7
2024-01-02T01:28:24,2,5,0,7
2024-01-02T01:45:17,2,5,0,7
2024-01-02T02:02:09,2,5,0,7
2024-01-02T02:18:59,2,5,0,7
2024-01-02T02:35:58,2,5,0,7
2024-01-02T02:52:48,2,5,0,7
2024-01-02T03:09:37,2,5,0,7
2024-01-02T03:26:48,2,5,0,7
2024-01-02T03:43:37,2,5,0,7
2024-01-02T04:00:29,2,5,0,7
2024-01-02T04:34:01,2,5,0,7
2024-01-02T04:50:54,2,5,0,7
2024-01-02T05:07:51,2,5,0,7
2024-01-02T05:24:42,2,5,0,7
2024-01-02T05:41:42,2,5,0,7
2024-01-02T05:58:33,2,5,0,7
2024-01-02T06:15:25,2,5,0,7
2024-01-02T06:32:26,2,5,0,7
2024-01-02T06:49:16,2,5,0,7
2024-01-02T07:06:06,2,5,0,7
2024-01-02T07:22:54,2,5,0,7
2024-01-02T07:39:41,2,5,0,7
2024-01-02T07:56:37,2,5,0,7
2024-01-02T08:13:24,2,5,0,7
2024-01-02T08:30:12,2,5,0,7
2024-01-02T08:46:59,2,5,0,7
2024-01-02T09:03:55,2,5,0,7
2024-01-02T09:20:42,2,5,0,7
2024-01-02T09:37:28,2,5,0,7
2024-01-02T09:54:15,2,5,0,7
2024-01-02T10:11:11,2,5,0,7
2024-01-02T10:27:58,2,5,0,7
2024-01-02T10:44:45,2,5,0,7
2024-01-02T11:01:33,2,5,0,7
2024-01-02T11:18:28,2,5,0,7
2024-01-02T11:35:15,2,5,0,7
2024-01-02T11:52:02,2,5,0,7
2024-01-02T12:08:58,2,5,0,7
2024-01-02T12:25:44,2,5,0,7
2024-01-02T12:42:32,2,5,0,7
2024-01-02T12:59:28,2,5,0,7
2024-01-02T13:16:15,2,5,0,7
2024-01-02T13:33:06,2,5,0,7
2024-01-02T13:50:02,2,5,0,7
2024-01-02T14:06:49,2,5,0,7
2024-01-02T14:23:35,2,5,0,7
2024-01-02T14:40:31,2,5,0,7
2024-01-02T14:57:18,2,5,0,7
2024-01-02T15:14:05,2,5,0,7
2024-01-02T15:31:02,2,5,0,7
2024-01-02T15:47:49,2,5,0,7
2024-01-02T16:04:35,2,5,0,7
2024-01-02T16:21:31,2,5,0,7
2024-01-02T16:38:18,2,5,0,7
2024-01-02T16:55:05,2,5,0,7
2024-01-02T17:12:01,2,5,0,7
2024-01-02T17:28:49,2,5,0,7
2024-01-02T17:45:46,2,5,0,7
2024-01-02T18:02:34,2,5,0,7
2024-01-02T18:19:21,2,5,0,7
2024-01-02T18:36:16,2,5,0,7
2024-01-02T18:53:02,2,5,0,7
2024-01-02T19:09:50,2,5,0,7
2024-01-02T19:26:45,2,5,0,7
2024-01-02T19:43:32,2,5,0,7
2024-01-02T20:00:19,2,5,0,7
2024-01-02T20:17:06,2,5,0,7
2024-01-02T20:34:04,2,5,0,7
2024-01-02T20:50:51,2,5,0,7
2024-01-02T21:07:38,2,5,0,7
2024-01-02T21:24:35,2,5,0,7
2024-01-02T21:41:22,2,5,0,7
2024-01-02T21:58:08,2,5,0,7
2024-01-02T22:15:06,2,5,0,7
2024-01-02T22:31:53,2,5,0,7
2024-01-02T22:48:40,2,5,0,7
2024-01-02T23:05:28,2,5,0,7
2024-01-02T23:22:26,2,5,0,7
2024-01-02T23:39:14,2,5,0,7
2024-01-02T23:56:02,2,5,0,7
2024-01-03T00:12:53,2,5,0,7
2024-01-03T00:29:46,2,5,0,7
2024-01-03T00:46:49,2,5,0,7
2024-01-03T01:03:44,2,5,0,7
2024-01-03T01:20:36,2,5,0,7
2024-01-03T01:37:30,2,5,0,7
2024-01-03T01:54:22,2,5,0,7
2024-01-03T02:11:15,2,5,0,7
2024-01-03T02:28:24,2,5,0,7
2024-01-03T02:45:15,2,5,0,7
2024-01-03T03:02:05,2,5,0,7
2024-01-03T03:18:56,2,5,0,7
2024-01-03T03:35:57,2,5,0,7
2024-01-03T03:52:48,2,5,0,7
2024-01-03T04:09:41,2,5,0,7
2024-01-03T04:42:38,2,5,0,7
2024-01-03T04:59:31,2,5,0,7
2024-01-03T05:16:33,2,5,0,7
2024-01-03T05:33:24,2,5,0,7
2024-01-03T05:51:50,2,5,0,7
2024-01-03T06:09:16,2,5,0,7
2024-01-03T06:26:08,2,5,0,7
2024-01-03T06:43:01,2,5,0,7
2024-01-03T06:59:52,2,5,0,7
2024-01-03T07:16:43,2,5,0,7
2024-01-03T07:33:39,2,5,0,7
2024-01-03T07:50:27,2,5,0,7
2024-01-03T08:07:15,2,5,0,7
2024-01-03T08:24:02,2,5,0,7
2024-01-03T08:40:52,2,5,0,7
2024-01-03T08:57:40,2,5,0,7
2024-01-03T09:14:36,2,5,0,7
2024-01-03T09:31:24,2,5,0,7
2024-01-03T09:48:11,2,5,0,7
2024-01-03T10:04:59,2,5,0,7
2024-01-03T10:21:59,2,5,0,7
2024-01-03T10:38:49,2,5,0,7
2024-01-03T10:55:39,2,5,0,7
2024-01-03T11:12:32,2,5,0,7
2024-01-03T11:29:36,2,5,0,7
2024-01-03T11:46:27,2,5,0,7
2024-01-03T12:03:18,2,5,0,7
2024-01-03T12:20:18,2,5,0,7
2024-01-03T12:37:09,2,5,0,7
2024-01-03T12:54:00,2,5,0,7
2024-01-03T13:10:51,2,5,0,7
2024-01-03T13:27:52,2,5,0,7
2024-01-03T13:44:43,2,5,0,7
2024-01-03T14:01:33,2,5,0,7
2024-01-03T14:18:33,2,5,0,7
2024-01-03T14:35:22,2,5,0,7
2024-01-03T14:52:11,2,5,0,7
2024-01-03T15:09:12,2,5,0,7
2024-01-03T15:26:01,2,5,0,7
2024-01-03T15:42:50,2,5,0,7
2024-01-03T15:59:52,2,5,0,7
2024-01-03T16:16:40,2,5,0,7
2024-01-03T16:33:28,2,5,0,7
2024-01-03T16:50:25,2,5,0,7
2024-01-03T17:07:14,2,5,0,7
2024-01-03T17:24:02,2,5,0,7
2024-01-03T17:40:49,2,5,0,7
2024-01-03T17:57:48,2,5,0,7
2024-01-03T18:14:37,2,5,0,7
2024-01-03T18:31:26,2,5,0,7
2024-01-03T18:48:14,2,5,0,7
2024-01-03T19:05:14,2,5,0,7
2024-01-03T19:22:02,2,5,0,7
2024-01-03T19:39:00,2,5,0,7
2024-01-03T19:55:48,2,5,0,7
2024-01-03T20:12:55,2,5,0,7
2024-01-03T20:29:42,2,5,0,7
2024-01-03T20:46:41,2,5,0,7
2024-01-03T21:03:31,2,5,0,7
2024-01-03T21:20:19,2,5,0,7
2024-01-03T21:37:07,2,5,0,7
2024-01-03T21:54:06,2,5,0,7
2024-01-03T22:10:54,2,5,0,7
2024-01-03T22:27:42,2,5,0,7
2024-01-03T22:44:31,2,5,0,7
2024-01-03T23:01:20,2,5,0,7
2024-01-03T23:18:19,2,5,0,7
2024-01-03T23:35:08,2,5,0,7
2024-01-03T23:51:58,2,5,0,7
2024-01-04T00:08:48,2,5,0,7
2024-01-04T00:25:45,2,5,0,7
2024-01-04T00:42:51,2,5,0,7
2024-01-04T00:59:50,2,5,0,7
2024-01-04T01:16:45,2,5,0,7
2024-01-04T01:33:38,2,5,0,7
2024-01-04T01:50:30,2,5,0,7
2024-01-04T02:07:34,2,5,0,7
2024-01-04T02:24:28,2,5,0,7
2024-01-04T02:41:18,2,5,0,7
2024-01-04T02:58:07,2,5,0,7
2024-01-04T03:15:07,2,5,0,7
2024-01-04T03:31:59,2,5,0,7
2024-01-04T03:48:49,2,5,0,7
2024-01-04T04:05:48,2,5,0,7
2024-01-04T04:45:53,2,5,0,7
2024-01-04T05:02:49,2,5,0,7
2024-01-04T05:19:46,2,5,0,7
2024-01-04T05:36:40,2,5,0,7
2024-01-04T05:53:34,2,5,0,7
2024-01-04T06:10:35,2,5,0,7
2024-01-04T06:27:27,2,5,0,7
2024-01-04T06:44:19,2,5,0,7
2024-01-04T07:01:10,2,5,0,7
2024-01-04T07:18:01,2,5,0,7
2024-01-04T07:35:00,2,5,0,7
2024-01-04T07:51:50,2,5,0,7
2024-01-04T08:08:42,2,5,0,7
2024-01-04T08:25:35,2,5,0,7
2024-01-04T08:42:43,2,5,0,7
2024-01-04T08:59:44,2,5,0,7
2024-01-04T09:16:51,2,5,0,7
2024-01-04T09:33:50,2,5,0,7
