time,enrolled,available,waitlisted,total
2023-11-13T04:33:12,0,9999,0,9999
2023-11-13T04:49:15,0,9999,0,9999
2023-11-13T05:05:02,0,9999,0,9999
2023-11-13T05:20:44,0,9999,0,9999
2023-11-13T05:36:27,0,9999,0,9999
2023-11-13T05:52:11,0,9999,0,9999
2023-11-13T06:07:59,0,9999,0,9999
2023-11-13T06:23:41,0,9999,0,9999
2023-11-13T06:39:24,0,9999,0,9999
2023-11-13T06:55:05,0,9999,0,9999
2023-11-13T07:10:48,0,9999,0,9999
2023-11-13T07:26:27,0,9999,0,9999
2023-11-13T07:42:07,0,9999,0,9999
2023-11-13T07:57:45,0,9999,0,9999
2023-11-13T08:13:24,0,9999,0,9999
2023-11-13T08:29:13,0,9999,0,9999
2023-11-13T08:44:51,0,9999,0,9999
2023-11-13T09:00:30,0,9999,0,9999
2023-11-13T09:16:08,0,9999,0,9999
2023-11-13T09:31:47,0,9999,0,9999
2023-11-13T09:47:26,0,9999,0,9999
2023-11-13T10:03:17,0,9999,0,9999
2023-11-13T10:18:57,0,9999,0,9999
2023-11-13T10:34:35,0,9999,0,9999
2023-11-13T10:50:14,0,9999,0,9999
2023-11-13T11:06:06,0,9999,0,9999
2023-11-13T11:21:44,0,9999,0,9999
2023-11-13T11:37:23,0,9999,0,9999
2023-11-13T11:53:14,0,9999,0,9999
2023-11-13T12:08:59,0,9999,0,9999
2023-11-13T12:24:50,0,9999,0,9999
2023-11-13T12:40:30,0,9999,0,9999
2023-11-13T12:56:09,0,9999,0,9999
2023-11-13T13:11:59,0,9999,0,9999
2023-11-13T13:27:39,0,9999,0,9999
2023-11-13T13:43:19,0,9999,0,9999
2023-11-13T13:58:59,0,9999,0,9999
2023-11-13T14:14:50,0,9999,0,9999
2023-11-13T14:30:32,0,9999,0,9999
2023-11-13T14:46:13,0,9999,0,9999
2023-11-13T15:02:09,0,9999,0,9999
2023-11-13T15:17:51,0,9999,0,9999
2023-11-13T15:33:45,0,9999,0,9999
2023-11-13T15:49:27,0,9999,0,9999
2023-11-13T16:05:09,0,9999,0,9999
2023-11-13T16:21:01,0,9999,0,9999
2023-11-13T16:36:43,0,9999,0,9999
2023-11-13T16:52:25,0,9999,0,9999
2023-11-13T17:08:08,0,9999,0,9999
2023-11-13T17:24:02,0,9999,0,9999
2023-11-13T17:39:44,0,9999,0,9999
2023-11-13T17:55:27,0,9999,0,9999
2023-11-13T18:11:22,0,9999,0,9999
2023-11-13T18:27:04,0,9999,0,9999
2023-11-13T18:42:46,0,9999,0,9999
2023-11-13T18:58:39,0,9999,0,9999
2023-11-13T19:14:22,0,9999,0,9999
2023-11-13T19:30:04,0,9999,0,9999
2023-11-13T19:45:56,0,9999,0,9999
2023-11-13T20:01:38,0,9999,0,9999
2023-11-13T20:17:20,0,9999,0,9999
2023-11-13T20:33:02,0,9999,0,9999
2023-11-13T20:48:54,0,9999,0,9999
2023-11-13T21:04:36,0,9999,0,9999
2023-11-13T21:20:19,0,9999,0,9999
2023-11-13T21:36:03,0,9999,0,9999
2023-11-13T21:51:59,0,9999,0,9999
2023-11-13T22:07:41,0,9999,0,9999
2023-11-13T22:23:23,0,9999,0,9999
2023-11-13T22:39:16,0,9999,0,9999
2023-11-13T22:54:58,0,9999,0,9999
2023-11-13T23:10:41,0,9999,0,9999
2023-11-13T23:26:24,0,9999,0,9999
2023-11-13T23:42:07,0,9999,0,9999
2023-11-13T23:58:01,0,9999,0,9999
2023-11-14T00:19:22,0,9999,0,9999
2023-11-14T00:35:18,0,9999,0,9999
2023-11-14T00:51:20,0,9999,0,9999
2023-11-14T01:07:07,0,9999,0,9999
2023-11-14T01:22:53,0,9999,0,9999
2023-11-14T01:38:40,0,9999,0,9999
2023-11-14T01:54:26,0,9999,0,9999
2023-11-14T02:10:24,0,9999,0,9999
2023-11-14T02:26:09,0,9999,0,9999
2023-11-14T02:41:54,0,9999,0,9999
2023-11-14T02:57:38,0,9999,0,9999
2023-11-14T03:13:24,0,9999,0,9999
2023-11-14T03:29:10,0,9999,0,9999
2023-11-14T03:44:56,0,9999,0,9999
2023-11-14T04:00:53,0,9999,0,9999
2023-11-14T04:22:02,0,9999,0,9999
2023-11-14T04:38:14,0,9999,0,9999
2023-11-14T04:54:02,0,9999,0,9999
2023-11-14T05:09:53,0,9999,0,9999
2023-11-14T05:25:40,0,9999,0,9999
2023-11-14T05:41:28,0,9999,0,9999
2023-11-14T05:57:16,0,9999,0,9999
2023-11-14T06:13:07,0,9999,0,9999
2023-11-14T06:28:54,0,9999,0,9999
2023-11-14T06:44:41,0,9999,0,9999
2023-11-14T07:00:30,0,9999,0,9999
2023-11-14T07:16:24,0,9999,0,9999
2023-11-14T07:32:09,0,9999,0,9999
2023-11-14T07:47:53,0,9999,0,9999
2023-11-14T08:03:38,0,9999,0,9999
2023-11-14T08:19:21,0,9999,0,9999
2023-11-14T08:35:14,0,9999,0,9999
2023-11-14T08:50:57,0,9999,0,9999
2023-11-14T09:06:53,0,9999,0,9999
2023-11-14T09:22:38,0,9999,0,9999
2023-11-14T09:38:22,0,9999,0,9999
2023-11-14T09:54:07,0,9999,0,9999
2023-11-14T10:10:02,0,9999,0,9999
2023-11-14T10:25:47,1,9998,0,9999
2023-11-14T10:41:43,2,9997,0,9999
2023-11-14T10:57:28,2,9997,0,9999
2023-11-14T11:13:15,2,9997,0,9999
2023-11-14T11:29:13,2,9997,0,9999
2023-11-14T11:45:05,2,9997,0,9999
2023-11-14T12:01:07,2,9997,0,9999
2023-11-14T12:16:54,2,9997,0,9999
2023-11-14T12:32:52,2,9997,0,9999
2023-11-14T12:48:40,2,9997,0,9999
2023-11-14T13:04:39,2,9997,0,9999
2023-11-14T13:20:27,2,9997,0,9999
2023-11-14T13:36:24,2,9997,0,9999
2023-11-14T13:52:12,3,9996,0,9999
2023-11-14T14:08:01,3,9996,0,9999
2023-11-14T14:24:02,3,9996,0,9999
2023-11-14T14:39:47,3,9996,0,9999
2023-11-14T14:55:44,3,9996,0,9999
2023-11-14T15:11:44,3,9996,0,9999
2023-11-14T15:27:30,3,9996,0,9999
2023-11-14T15:43:16,3,9996,0,9999
2023-11-14T15:59:14,4,9995,0,9999
2023-11-14T16:15:00,4,9995,0,9999
2023-11-14T16:30:57,4,9995,0,9999
2023-11-14T16:46:42,4,9995,0,9999
2023-11-14T17:02:39,4,9995,0,9999
2023-11-14T17:18:25,4,9995,0,9999
2023-11-14T17:34:10,4,9995,0,9999
2023-11-14T17:50:07,5,9994,0,9999
2023-11-14T18:05:53,5,9994,0,9999
2023-11-14T18:21:38,5,9994,0,9999
2023-11-14T18:37:34,5,9994,0,9999
2023-11-14T18:53:19,5,9994,0,9999
2023-11-14T19:09:09,5,9994,0,9999
2023-11-14T19:25:08,5,9994,0,9999
2023-11-14T19:40:55,5,9994,0,9999
2023-11-14T19:56:41,5,9994,0,9999
2023-11-14T20:12:42,5,9994,0,9999
2023-11-14T20:28:28,5,9994,0,9999
2023-11-14T20:44:13,5,9994,0,9999
2023-11-14T21:00:00,5,9994,0,9999
2023-11-14T21:15:59,5,9994,0,9999
2023-11-14T21:31:44,5,9994,0,9999
2023-11-14T21:47:31,5,9994,0,9999
2023-11-14T22:03:16,5,9994,0,9999
2023-11-14T22:19:13,5,9994,0,9999
2023-11-14T22:34:58,5,9994,0,9999
2023-11-14T22:50:43,5,9994,0,9999
2023-11-14T23:06:42,5,9994,0,9999
2023-11-14T23:22:28,5,9994,0,9999
2023-11-14T23:38:14,5,9994,0,9999
2023-11-14T23:54:00,5,9994,0,9999
2023-11-15T00:09:48,5,9994,0,9999
2023-11-15T00:25:54,5,9994,0,9999
2023-11-15T00:41:44,5,9994,0,9999
2023-11-15T00:57:32,5,9994,0,9999
2023-11-15T01:13:21,5,9994,0,9999
2023-11-15T01:29:11,5,9994,0,9999
2023-11-15T01:45:00,5,9994,0,9999
2023-11-15T02:00:54,5,9994,0,9999
2023-11-15T02:16:43,5,9994,0,9999
2023-11-15T02:32:42,5,9994,0,9999
2023-11-15T02:48:29,5,9994,0,9999
2023-11-15T03:04:30,5,9994,0,9999
2023-11-15T03:20:42,5,9994,0,9999
2023-11-15T03:36:31,5,9994,0,9999
2023-11-15T03:52:20,5,9994,0,9999
2023-11-15T04:08:10,5,9994,0,9999
2023-11-15T04:35:06,5,9994,0,9999
2023-11-15T04:52:14,5,9994,0,9999
2023-11-15T05:08:31,5,9994,0,9999
2023-11-15T05:24:21,5,9994,0,9999
2023-11-15T05:40:11,5,9994,0,9999
2023-11-15T05:56:02,5,9994,0,9999
2023-11-15T06:11:57,5,9994,0,9999
2023-11-15T06:27:45,5,9994,0,9999
2023-11-15T06:43:34,5,9994,0,9999
2023-11-15T06:59:28,5,9994,0,9999
2023-11-15T07:15:18,5,9994,0,9999
2023-11-15T07:31:14,5,9994,0,9999
2023-11-15T07:47:00,5,9994,0,9999
2023-11-15T08:02:46,5,9994,0,9999
2023-11-15T08:18:33,5,9994,0,9999
2023-11-15T08:34:20,5,9994,0,9999
2023-11-15T08:50:07,5,9994,0,9999
2023-11-15T09:05:54,5,9994,0,9999
2023-11-15T09:21:55,5,9994,0,9999
2023-11-15T09:37:43,5,9994,0,9999
2023-11-15T09:53:29,6,9993,0,9999
2023-11-15T10:09:28,6,9993,0,9999
2023-11-15T10:25:16,7,9992,0,9999
2023-11-15T10:41:03,7,9992,0,9999
2023-11-15T10:57:01,7,9992,0,9999
2023-11-15T11:12:52,7,9992,0,9999
2023-11-15T11:28:51,7,9992,0,9999
2023-11-15T11:44:40,7,9992,0,9999
2023-11-15T12:00:32,7,9992,0,9999
2023-11-15T12:16:33,7,9992,0,9999
2023-11-15T12:32:32,7,9992,0,9999
2023-11-15T12:48:19,7,9992,0,9999
2023-11-15T13:04:06,7,9992,0,9999
2023-11-15T13:20:06,7,9992,0,9999
2023-11-15T13:35:54,7,9992,0,9999
2023-11-15T13:51:55,7,9992,0,9999
2023-11-15T14:07:44,7,9992,0,9999
2023-11-15T14:23:47,7,9992,0,9999
2023-11-15T14:39:36,7,9992,0,9999
2023-11-15T14:55:36,7,9992,0,9999
2023-11-15T15:11:25,7,9992,0,9999
2023-11-15T15:27:25,7,9992,0,9999
2023-11-15T15:43:16,7,9992,0,9999
2023-11-15T15:59:05,7,9992,0,9999
2023-11-15T16:15:07,7,9992,0,9999
2023-11-15T16:30:56,7,9992,0,9999
2023-11-15T16:47:00,7,9992,0,9999
2023-11-15T17:02:50,7,9992,0,9999
2023-11-15T17:18:43,7,9992,0,9999
2023-11-15T17:34:43,7,9992,0,9999
2023-11-15T17:50:34,7,9992,0,9999
2023-11-15T18:06:37,7,9992,0,9999
2023-11-15T18:22:28,7,9992,0,9999
2023-11-15T18:38:17,7,9992,0,9999
2023-11-15T18:54:15,7,9992,0,9999
2023-11-15T19:10:03,7,9992,0,9999
2023-11-15T19:25:52,7,9992,0,9999
2023-11-15T19:41:55,7,9992,0,9999
2023-11-15T19:57:43,7,9992,0,9999
2023-11-15T20:13:33,7,9992,0,9999
2023-11-15T20:29:31,7,9992,0,9999
2023-11-15T20:45:19,7,9992,0,9999
2023-11-15T21:01:07,7,9992,0,9999
2023-11-15T21:17:06,7,9992,0,9999
2023-11-15T21:32:51,7,9992,0,9999
2023-11-15T21:48:37,7,9992,0,9999
2023-11-15T22:04:37,7,9992,0,9999
2023-11-15T22:20:23,7,9992,0,9999
2023-11-15T22:36:09,7,9992,0,9999
2023-11-15T22:51:55,7,9992,0,9999
2023-11-15T23:07:53,7,9992,0,9999
2023-11-15T23:23:40,7,9992,0,9999
2023-11-15T23:39:27,7,9992,0,9999
2023-11-15T23:55:14,7,9992,0,9999
2023-11-16T00:11:17,7,9992,0,9999
2023-11-16T00:27:12,7,9992,0,9999
2023-11-16T00:43:00,7,9992,0,9999
2023-11-16T00:58:50,7,9992,0,9999
2023-11-16T01:14:40,7,9992,0,9999
2023-11-16T01:30:28,7,9992,0,9999
2023-11-16T01:46:28,7,9992,0,9999
2023-11-16T02:02:18,7,9992,0,9999
2023-11-16T02:18:06,7,9992,0,9999
2023-11-16T02:33:53,7,9992,0,9999
2023-11-16T02:49:40,7,9992,0,9999
2023-11-16T03:05:26,7,9992,0,9999
2023-11-16T03:21:15,7,9992,0,9999
2023-11-16T03:37:17,7,9992,0,9999
2023-11-16T03:53:08,7,9992,0,9999
2023-11-16T04:08:59,7,9992,0,9999
2023-11-16T04:33:26,7,9992,0,9999
2023-11-16T04:50:41,7,9992,0,9999
2023-11-16T05:06:56,7,9992,0,9999
2023-11-16T05:22:46,7,9992,0,9999
2023-11-16T05:38:37,7,9992,0,9999
2023-11-16T05:54:28,7,9992,0,9999
2023-11-16T06:10:22,7,9992,0,9999
2023-11-16T06:26:11,7,9992,0,9999
2023-11-16T06:42:00,7,9992,0,9999
2023-11-16T06:57:50,7,9992,0,9999
2023-11-16T07:13:38,7,9992,0,9999
2023-11-16T07:29:27,7,9992,0,9999
2023-11-16T07:45:29,7,9992,0,9999
2023-11-16T08:01:16,7,9992,0,9999
2023-11-16T08:17:02,7,9992,0,9999
2023-11-16T08:32:50,7,9992,0,9999
2023-11-16T08:48:36,7,9992,0,9999
2023-11-16T09:04:23,7,9992,0,9999
2023-11-16T09:20:20,7,9992,0,9999
2023-11-16T09:36:06,7,9992,0,9999
2023-11-16T09:51:54,7,9992,0,9999
2023-11-16T10:07:51,7,9992,0,9999
2023-11-16T10:23:40,7,9992,0,9999
2023-11-16T10:39:46,7,9992,0,9999
2023-11-16T10:55:34,7,9992,0,9999
2023-11-16T11:11:36,7,9992,0,9999
2023-11-16T11:27:25,7,9992,0,9999
2023-11-16T11:43:32,7,9992,0,9999
2023-11-16T11:59:20,7,9992,0,9999
2023-11-16T12:15:17,7,9992,0,9999
2023-11-16T12:31:06,7,9992,0,9999
2023-11-16T12:46:53,7,9992,0,9999
2023-11-16T13:02:51,7,9992,0,9999
2023-11-16T13:18:40,7,9992,0,9999
2023-11-16T13:34:40,7,9992,0,9999
2023-11-16T13:50:29,7,9992,0,9999
2023-11-16T14:06:37,7,9992,0,9999
2023-11-16T14:22:26,7,9992,0,9999
2023-11-16T14:38:41,7,9992,0,9999
2023-11-16T14:54:28,7,9992,0,9999
2023-11-16T15:10:42,7,9992,0,9999
2023-11-16T15:26:41,7,9992,0,9999
2023-11-16T15:42:35,7,9992,0,9999
2023-11-16T15:58:44,7,9992,0,9999
2023-11-16T16:14:41,7,9992,0,9999
2023-11-16T16:30:31,7,9992,0,9999
2023-11-16T16:46:32,7,9992,0,9999
2023-11-16T17:02:35,7,9992,0,9999
2023-11-16T17:18:36,7,9992,0,9999
2023-11-16T17:34:27,7,9992,0,9999
2023-11-16T17:50:38,7,9992,0,9999
2023-11-16T18:06:28,7,9992,0,9999
2023-11-16T18:22:20,7,9992,0,9999
2023-11-16T18:38:20,7,9992,0,9999
2023-11-16T18:54:11,7,9992,0,9999
2023-11-16T19:10:02,7,9992,0,9999
2023-11-16T19:26:02,7,9992,0,9999
2023-11-16T19:41:51,7,9992,0,9999
2023-11-16T19:57:41,7,9992,0,9999
2023-11-16T20:13:41,7,9992,0,9999
2023-11-16T20:29:31,7,9992,0,9999
2023-11-16T20:45:20,9,9990,0,9999
2023-11-16T21:01:20,9,9990,0,9999
2023-11-16T21:17:07,9,9990,0,9999
2023-11-16T21:32:55,9,9990,0,9999
2023-11-16T21:48:53,9,9990,0,9999
2023-11-16T22:04:41,9,9990,0,9999
2023-11-16T22:20:29,9,9990,0,9999
2023-11-16T22:36:17,9,9990,0,9999
2023-11-16T22:52:25,9,9990,0,9999
2023-11-16T23:08:13,9,9990,0,9999
2023-11-16T23:24:02,9,9990,0,9999
2023-11-16T23:39:51,9,9990,0,9999
2023-11-16T23:55:52,9,9990,0,9999
2023-11-17T00:11:47,9,9990,0,9999
2023-11-17T00:27:44,9,9990,0,9999
2023-11-17T00:43:35,9,9990,0,9999
2023-11-17T00:59:27,9,9990,0,9999
2023-11-17T01:15:38,9,9990,0,9999
2023-11-17T01:31:29,9,9990,0,9999
2023-11-17T01:47:22,9,9990,0,9999
2023-11-17T02:03:14,9,9990,0,9999
2023-11-17T02:19:06,9,9990,0,9999
2023-11-17T02:34:56,9,9990,0,9999
2023-11-17T02:50:47,9,9990,0,9999
2023-11-17T03:06:49,9,9990,0,9999
2023-11-17T03:22:43,9,9990,0,9999
2023-11-17T03:38:35,9,9990,0,9999
2023-11-17T03:54:27,9,9990,0,9999
2023-11-17T04:22:12,9,9990,0,9999
2023-11-17T04:39:51,9,9990,0,9999
2023-11-17T04:55:45,9,9990,0,9999
2023-11-17T05:11:39,9,9990,0,9999
2023-11-17T05:27:32,9,9990,0,9999
2023-11-17T05:43:25,9,9990,0,9999
2023-11-17T05:59:17,9,9990,0,9999
2023-11-17T06:15:10,9,9990,0,9999
2023-11-17T06:31:02,9,9990,0,9999
2023-11-17T06:46:53,9,9990,0,9999
2023-11-17T07:02:45,9,9990,0,9999
2023-11-17T07:18:36,9,9990,0,9999
2023-11-17T07:34:27,9,9990,0,9999
2023-11-17T07:50:15,9,9990,0,9999
2023-11-17T08:06:06,9,9990,0,9999
2023-11-17T08:22:11,9,9990,0,9999
2023-11-17T08:38:00,9,9990,0,9999
2023-11-17T08:53:51,9,9990,0,9999
2023-11-17T09:09:42,9,9990,0,9999
2023-11-17T09:25:35,9,9990,0,9999
2023-11-17T09:41:36,9,9990,0,9999
2023-11-17T09:57:27,9,9990,0,9999
2023-11-17T10:14:04,9,9990,0,9999
2023-11-17T10:30:19,9,9990,0,9999
2023-11-17T10:46:22,9,9990,0,9999
2023-11-17T11:02:43,9,9990,0,9999
2023-11-17T11:18:52,9,9990,0,9999
2023-11-17T11:34:58,9,9990,0,9999
2023-11-17T11:50:51,9,9990,0,9999
2023-11-17T12:07:09,9,9990,0,9999
2023-11-17T12:23:23,9,9990,0,9999
2023-11-17T12:39:38,9,9990,0,9999
2023-11-17T12:55:39,9,9990,0,9999
2023-11-17T13:11:45,9,9990,0,9999
2023-11-17T13:27:37,9,9990,0,9999
2023-11-17T13:44:06,9,9990,0,9999
2023-11-17T14:00:11,10,9989,0,9999
2023-11-17T14:16:06,10,9989,0,9999
2023-11-17T14:32:40,10,9989,0,9999
2023-11-17T14:49:14,10,9989,0,9999
2023-11-17T15:05:45,10,9989,0,9999
2023-11-17T15:21:55,10,9989,0,9999
2023-11-17T15:38:03,10,9989,0,9999
2023-11-17T15:53:58,10,9989,0,9999
2023-11-17T16:10:06,10,9989,0,9999
2023-11-17T16:26:03,10,9989,0,9999
2023-11-17T16:42:16,10,9989,0,9999
2023-11-17T16:58:11,10,9989,0,9999
2023-11-17T17:14:11,10,9989,0,9999
2023-11-17T17:30:14,10,9989,0,9999
2023-11-17T17:46:06,10,9989,0,9999
2023-11-17T18:02:21,10,9989,0,9999
2023-11-17T18:18:11,10,9989,0,9999
2023-11-17T18:34:04,10,9989,0,9999
2023-11-17T18:49:54,10,9989,0,9999
2023-11-17T19:05:55,10,9989,0,9999
2023-11-17T19:21:47,10,9989,0,9999
2023-11-17T19:37:55,10,9989,0,9999
2023-11-17T19:53:46,10,9989,0,9999
2023-11-17T20:09:36,10,9989,0,9999
2023-11-17T20:25:27,10,9989,0,9999
2023-11-17T20:41:28,10,9989,0,9999
2023-11-17T20:57:19,10,9989,0,9999
2023-11-17T21:13:10,10,9989,0,9999
2023-11-17T21:28:59,10,9989,0,9999
2023-11-17T21:45:00,10,9989,0,9999
2023-11-17T22:00:49,10,9989,0,9999
2023-11-17T22:16:39,10,9989,0,9999
2023-11-17T22:32:28,10,9989,0,9999
2023-11-17T22:48:17,10,9989,0,9999
2023-11-17T23:04:18,10,9989,0,9999
2023-11-17T23:20:08,10,9989,0,9999
2023-11-17T23:35:58,10,9989,0,9999
2023-11-17T23:51:47,10,9989,0,9999
2023-11-18T00:07:38,10,9989,0,9999
2023-11-18T00:23:52,10,9989,0,9999
2023-11-18T00:39:46,10,9989,0,9999
2023-11-18T00:55:40,10,9989,0,9999
2023-11-18T01:11:33,10,9989,0,9999
2023-11-18T01:27:25,10,9989,0,9999
2023-11-18T01:43:17,10,9989,0,9999
2023-11-18T01:59:23,10,9989,0,9999
2023-11-18T02:15:15,10,9989,0,9999
2023-11-18T02:31:05,10,9989,0,9999
2023-11-18T02:46:55,10,9989,0,9999
2023-11-18T03:02:44,10,9989,0,9999
2023-11-18T03:18:36,10,9989,0,9999
2023-11-18T03:34:27,10,9989,0,9999
2023-11-18T03:50:19,10,9989,0,9999
2023-11-18T04:08:38,10,9989,0,9999
2023-11-18T04:27:54,10,9989,0,9999
2023-11-18T04:44:13,10,9989,0,9999
2023-11-18T05:00:07,10,9989,0,9999
2023-11-18T05:15:59,10,9989,0,9999
2023-11-18T05:31:51,10,9989,0,9999
2023-11-18T05:47:44,10,9989,0,9999
2023-11-18T06:03:37,10,9989,0,9999
2023-11-18T06:19:30,10,9989,0,9999
2023-11-18T06:35:23,10,9989,0,9999
2023-11-18T06:51:14,10,9989,0,9999
2023-11-18T07:07:06,10,9989,0,9999
2023-11-18T07:22:59,10,9989,0,9999
2023-11-18T07:38:50,10,9989,0,9999
2023-11-18T07:54:50,10,9989,0,9999
2023-11-18T08:10:41,10,9989,0,9999
2023-11-18T08:26:33,10,9989,0,9999
2023-11-18T08:42:24,10,9989,0,9999
2023-11-18T08:58:16,10,9989,0,9999
2023-11-18T09:14:07,10,9989,0,9999
2023-11-18T09:30:06,10,9989,0,9999
2023-11-18T09:45:56,10,9989,0,9999
2023-11-18T10:01:46,10,9989,0,9999
2023-11-18T10:17:38,10,9989,0,9999
2023-11-18T10:33:30,10,9989,0,9999
2023-11-18T10:49:29,10,9989,0,9999
2023-11-18T11:05:23,10,9989,0,9999
2023-11-18T11:21:15,10,9989,0,9999
2023-11-18T11:37:15,10,9989,0,9999
2023-11-18T11:53:06,10,9989,0,9999
2023-11-18T12:08:56,10,9989,0,9999
2023-11-18T12:24:55,10,9989,0,9999
2023-11-18T12:40:45,10,9989,0,9999
2023-11-18T12:56:36,10,9989,0,9999
2023-11-18T13:12:36,10,9989,0,9999
2023-11-18T13:28:26,10,9989,0,9999
2023-11-18T13:44:17,10,9989,0,9999
2023-11-18T14:00:16,10,9989,0,9999
2023-11-18T14:16:07,10,9989,0,9999
2023-11-18T14:31:58,10,9989,0,9999
2023-11-18T14:47:57,10,9989,0,9999
2023-11-18T15:03:51,10,9989,0,9999
2023-11-18T15:19:41,10,9989,0,9999
2023-11-18T15:35:34,10,9989,0,9999
2023-11-18T15:51:37,10,9989,0,9999
2023-11-18T16:07:27,10,9989,0,9999
2023-11-18T16:23:19,10,9989,0,9999
2023-11-18T16:39:18,10,9989,0,9999
2023-11-18T16:55:10,10,9989,0,9999
2023-11-18T17:11:06,10,9989,0,9999
2023-11-18T17:27:05,10,9989,0,9999
2023-11-18T17:42:57,10,9989,0,9999
2023-11-18T17:58:46,10,9989,0,9999
2023-11-18T18:14:48,10,9989,0,9999
2023-11-18T18:30:41,10,9989,0,9999
2023-11-18T18:46:31,10,9989,0,9999
2023-11-18T19:02:34,10,9989,0,9999
2023-11-18T19:18:23,10,9989,0,9999
2023-11-18T19:34:13,10,9989,0,9999
2023-11-18T19:50:11,10,9989,0,9999
2023-11-18T20:06:00,10,9989,0,9999
2023-11-18T20:21:49,10,9989,0,9999
2023-11-18T20:37:38,10,9989,0,9999
2023-11-18T20:53:39,10,9989,0,9999
2023-11-18T21:09:27,10,9989,0,9999
2023-11-18T21:25:18,10,9989,0,9999
2023-11-18T21:41:08,10,9989,0,9999
2023-11-18T21:57:07,10,9989,0,9999
2023-11-18T22:12:55,10,9989,0,9999
2023-11-18T22:28:44,10,9989,0,9999
2023-11-18T22:44:32,10,9989,0,9999
2023-11-18T23:00:21,10,9989,0,9999
2023-11-18T23:16:20,10,9989,0,9999
2023-11-18T23:32:08,10,9989,0,9999
2023-11-18T23:47:56,10,9989,0,9999
2023-11-19T00:03:45,10,9989,0,9999
2023-11-19T00:19:34,10,9989,0,9999
2023-11-19T00:35:24,10,9989,0,9999
2023-11-19T01:06:04,10,9989,0,9999
2023-11-19T01:22:05,10,9989,0,9999
2023-11-19T01:37:54,10,9989,0,9999
2023-11-19T01:53:42,10,9989,0,9999
2023-11-19T02:09:31,10,9989,0,9999
2023-11-19T02:25:20,10,9989,0,9999
2023-11-19T02:41:09,10,9989,0,9999
2023-11-19T02:57:05,10,9989,0,9999
2023-11-19T03:12:55,10,9989,0,9999
2023-11-19T03:28:50,10,9989,0,9999
2023-11-19T03:44:43,10,9989,0,9999
2023-11-19T04:00:36,10,9989,0,9999
2023-11-19T04:26:17,10,9989,0,9999
2023-11-19T04:45:48,10,9989,0,9999
2023-11-19T05:01:43,10,9989,0,9999
2023-11-19T05:17:39,10,9989,0,9999
2023-11-19T05:33:33,10,9989,0,9999
2023-11-19T05:49:27,10,9989,0,9999
2023-11-19T06:05:20,10,9989,0,9999
2023-11-19T06:21:12,10,9989,0,9999
2023-11-19T06:37:04,10,9989,0,9999
2023-11-19T06:52:57,10,9989,0,9999
2023-11-19T07:08:50,10,9989,0,9999
2023-11-19T07:24:42,10,9989,0,9999
2023-11-19T07:40:33,10,9989,0,9999
2023-11-19T07:56:23,10,9989,0,9999
2023-11-19T08:12:14,10,9989,0,9999
2023-11-19T08:28:09,10,9989,0,9999
2023-11-19T08:44:08,10,9989,0,9999
2023-11-19T08:59:58,10,9989,0,9999
2023-11-19T09:16:01,10,9989,0,9999
2023-11-19T09:31:51,10,9989,0,9999
2023-11-19T09:47:41,10,9989,0,9999
2023-11-19T10:03:30,10,9989,0,9999
2023-11-19T10:19:23,10,9989,0,9999
2023-11-19T10:35:19,10,9989,0,9999
2023-11-19T10:51:14,10,9989,0,9999
2023-11-19T11:07:07,10,9989,0,9999
2023-11-19T11:23:00,10,9989,0,9999
2023-11-19T11:38:50,10,9989,0,9999
2023-11-19T11:54:48,10,9989,0,9999
2023-11-19T12:10:38,10,9989,0,9999
2023-11-19T12:26:25,10,9989,0,9999
2023-11-19T12:42:13,10,9989,0,9999
2023-11-19T12:58:01,10,9989,0,9999
2023-11-19T13:13:48,10,9989,0,9999
2023-11-19T13:29:36,10,9989,0,9999
2023-11-19T13:45:34,10,9989,0,9999
2023-11-19T14:01:21,10,9989,0,9999
2023-11-19T14:17:09,10,9989,0,9999
2023-11-19T14:32:56,10,9989,0,9999
2023-11-19T14:48:44,10,9989,0,9999
2023-11-19T15:04:32,10,9989,0,9999
2023-11-19T15:20:30,10,9989,0,9999
2023-11-19T15:36:17,10,9989,0,9999
2023-11-19T15:52:05,10,9989,0,9999
2023-11-19T16:07:53,10,9989,0,9999
2023-11-19T16:23:42,10,9989,0,9999
2023-11-19T16:39:32,10,9989,0,9999
2023-11-19T16:55:20,10,9989,0,9999
2023-11-19T17:11:20,10,9989,0,9999
2023-11-19T17:27:08,10,9989,0,9999
2023-11-19T17:42:56,10,9989,0,9999
2023-11-19T17:58:44,10,9989,0,9999
2023-11-19T18:14:33,10,9989,0,9999
2023-11-19T18:30:20,10,9989,0,9999
2023-11-19T18:46:08,10,9989,0,9999
2023-11-19T19:02:07,10,9989,0,9999
2023-11-19T19:17:57,10,9989,0,9999
2023-11-19T19:33:45,10,9989,0,9999
2023-11-19T19:49:34,10,9989,0,9999
2023-11-19T20:05:23,10,9989,0,9999
2023-11-19T20:21:12,10,9989,0,9999
2023-11-19T20:37:11,10,9989,0,9999
2023-11-19T20:52:58,10,9989,0,9999
2023-11-19T21:08:47,10,9989,0,9999
2023-11-19T21:24:36,10,9989,0,9999
2023-11-19T21:40:26,10,9989,0,9999
2023-11-19T21:56:15,10,9989,0,9999
2023-11-19T22:12:13,10,9989,0,9999
2023-11-19T22:28:01,10,9989,0,9999
2023-11-19T22:43:49,10,9989,0,9999
2023-11-19T22:59:37,10,9989,0,9999
2023-11-19T23:15:26,10,9989,0,9999
2023-11-19T23:31:16,10,9989,0,9999
2023-11-19T23:47:04,10,9989,0,9999
2023-11-20T00:03:04,10,9989,0,9999
2023-11-20T00:19:00,10,9989,0,9999
2023-11-20T00:34:59,10,9989,0,9999
2023-11-20T00:50:53,10,9989,0,9999
2023-11-20T01:06:45,10,9989,0,9999
2023-11-20T01:22:39,10,9989,0,9999
2023-11-20T01:38:33,10,9989,0,9999
2023-11-20T01:54:26,10,9989,0,9999
2023-11-20T02:10:19,10,9989,0,9999
2023-11-20T02:26:12,10,9989,0,9999
2023-11-20T02:42:04,10,9989,0,9999
2023-11-20T02:57:57,10,9989,0,9999
2023-11-20T03:13:59,10,9989,0,9999
2023-11-20T03:29:51,10,9989,0,9999
2023-11-20T03:45:43,10,9989,0,9999
2023-11-20T04:01:36,10,9989,0,9999
2023-11-20T04:20:05,10,9989,0,9999
2023-11-20T04:36:16,10,9989,0,9999
2023-11-20T04:52:12,10,9989,0,9999
2023-11-20T05:08:09,10,9989,0,9999
2023-11-20T05:24:02,10,9989,0,9999
2023-11-20T05:39:54,10,9989,0,9999
2023-11-20T05:55:46,10,9989,0,9999
2023-11-20T06:11:38,10,9989,0,9999
2023-11-20T06:27:27,10,9989,0,9999
2023-11-20T06:43:16,10,9989,0,9999
2023-11-20T06:59:04,10,9989,0,9999
2023-11-20T07:14:53,10,9989,0,9999
2023-11-20T07:30:45,10,9989,0,9999
2023-11-20T07:46:33,10,9989,0,9999
2023-11-20T08:02:23,10,9989,0,9999
2023-11-20T08:18:13,10,9989,0,9999
2023-11-20T08:34:06,10,9989,0,9999
2023-11-20T08:49:56,10,9989,0,9999
2023-11-20T09:05:56,10,9989,0,9999
2023-11-20T09:21:46,10,9989,0,9999
2023-11-20T09:37:36,10,9989,0,9999
2023-11-20T09:53:24,10,9989,0,9999
2023-11-20T10:09:12,10,9989,0,9999
2023-11-20T10:25:15,10,9989,0,9999
2023-11-20T10:41:04,10,9989,0,9999
2023-11-20T10:56:52,10,9989,0,9999
2023-11-20T11:12:42,10,9989,0,9999
2023-11-20T11:28:31,10,9989,0,9999
2023-11-20T11:44:29,10,9989,0,9999
2023-11-20T12:00:17,10,9989,0,9999
2023-11-20T12:16:07,10,9989,0,9999
2023-11-20T12:32:06,10,9989,0,9999
2023-11-20T12:47:54,10,9989,0,9999
2023-11-20T13:03:42,10,9989,0,9999
2023-11-20T13:19:30,10,9989,0,9999
2023-11-20T13:35:28,10,9989,0,9999
2023-11-20T13:51:17,10,9989,0,9999
2023-11-20T14:07:05,10,9989,0,9999
2023-11-20T14:22:54,10,9989,0,9999
2023-11-20T14:38:54,10,9989,0,9999
2023-11-20T14:54:43,10,9989,0,9999
2023-11-20T15:10:43,10,9989,0,9999
2023-11-20T15:26:33,10,9989,0,9999
2023-11-20T15:42:22,10,9989,0,9999
2023-11-20T15:58:20,10,9989,0,9999
2023-11-20T16:14:10,10,9989,0,9999
2023-11-20T16:30:10,10,9989,0,9999
2023-11-20T16:46:00,10,9989,0,9999
2023-11-20T17:01:49,10,9989,0,9999
2023-11-20T17:17:41,10,9989,0,9999
2023-11-20T17:33:41,10,9989,0,9999
2023-11-20T17:49:30,10,9989,0,9999
2023-11-20T18:05:19,10,9989,0,9999
2023-11-20T18:21:08,10,9989,0,9999
2023-11-20T18:36:57,10,9989,0,9999
2023-11-20T18:52:56,10,9989,0,9999
2023-11-20T19:08:45,10,9989,0,9999
2023-11-20T19:24:34,10,9989,0,9999
2023-11-20T19:40:34,10,9989,0,9999
2023-11-20T19:56:23,10,9989,0,9999
2023-11-20T20:12:13,10,9989,0,9999
2023-11-20T20:28:02,10,9989,0,9999
2023-11-20T20:44:02,10,9989,0,9999
2023-11-20T20:59:51,10,9989,0,9999
2023-11-20T21:15:40,10,9989,0,9999
2023-11-20T21:31:30,10,9989,0,9999
2023-11-20T21:47:19,10,9989,0,9999
2023-11-20T22:03:09,10,9989,0,9999
2023-11-20T22:18:58,10,9989,0,9999
2023-11-20T22:34:58,11,9988,0,9999
2023-11-20T22:50:47,11,9988,0,9999
2023-11-20T23:06:37,11,9988,0,9999
2023-11-20T23:22:27,11,9988,0,9999
2023-11-20T23:38:17,11,9988,0,9999
2023-11-20T23:54:07,11,9988,0,9999
2023-11-21T00:11:07,11,9988,0,9999
2023-11-21T00:27:19,11,9988,0,9999
2023-11-21T00:43:44,11,9988,0,9999
2023-11-21T00:59:38,11,9988,0,9999
2023-11-21T01:15:30,11,9988,0,9999
2023-11-21T01:31:23,11,9988,0,9999
2023-11-21T01:47:16,11,9988,0,9999
2023-11-21T02:03:09,11,9988,0,9999
2023-11-21T02:19:01,11,9988,0,9999
2023-11-21T02:34:52,11,9988,0,9999
2023-11-21T02:50:45,11,9988,0,9999
2023-11-21T03:06:47,11,9988,0,9999
2023-11-21T03:22:41,11,9988,0,9999
2023-11-21T03:38:34,11,9988,0,9999
2023-11-21T03:54:27,11,9988,0,9999
2023-11-21T04:12:27,11,9988,0,9999
2023-11-21T04:29:13,11,9988,0,9999
2023-11-21T04:45:09,11,9988,0,9999
2023-11-21T05:01:05,11,9988,0,9999
2023-11-21T05:17:04,11,9988,0,9999
2023-11-21T05:32:58,11,9988,0,9999
2023-11-21T05:48:51,11,9988,0,9999
2023-11-21T06:04:48,11,9988,0,9999
2023-11-21T06:20:41,11,9988,0,9999
2023-11-21T06:36:33,11,9988,0,9999
2023-11-21T06:52:25,11,9988,0,9999
2023-11-21T07:08:16,11,9988,0,9999
2023-11-21T07:24:08,11,9988,0,9999
2023-11-21T07:40:00,11,9988,0,9999
2023-11-21T07:56:13,11,9988,0,9999
2023-11-21T08:12:03,11,9988,0,9999
2023-11-21T08:27:54,11,9988,0,9999
2023-11-21T08:43:45,11,9988,0,9999
2023-11-21T08:59:36,11,9988,0,9999
2023-11-21T09:15:27,11,9988,0,9999
2023-11-21T09:31:17,11,9988,0,9999
2023-11-21T09:47:19,11,9988,0,9999
2023-11-21T10:03:12,11,9988,0,9999
2023-11-21T10:19:06,12,9987,0,9999
2023-11-21T10:35:22,12,9987,0,9999
2023-11-21T10:51:16,12,9987,0,9999
2023-11-21T11:07:11,12,9987,0,9999
2023-11-21T11:23:17,12,9987,0,9999
2023-11-21T11:39:11,12,9987,0,9999
2023-11-21T11:55:15,12,9987,0,9999
2023-11-21T12:11:11,12,9987,0,9999
2023-11-21T12:27:06,12,9987,0,9999
2023-11-21T12:43:12,12,9987,0,9999
2023-11-21T12:59:07,12,9987,0,9999
2023-11-21T13:15:05,12,9987,0,9999
2023-11-21T13:31:21,12,9987,0,9999
2023-11-21T13:47:18,12,9987,0,9999
2023-11-21T14:03:17,12,9987,0,9999
2023-11-21T14:19:23,12,9987,0,9999
2023-11-21T14:35:20,12,9987,0,9999
2023-11-21T14:51:16,12,9987,0,9999
2023-11-21T15:07:26,12,9987,0,9999
2023-11-21T15:23:23,12,9987,0,9999
2023-11-21T15:39:21,12,9987,0,9999
2023-11-21T15:55:28,12,9987,0,9999
2023-11-21T16:11:25,12,9987,0,9999
2023-11-21T16:27:22,12,9987,0,9999
2023-11-21T16:43:28,12,9987,0,9999
2023-11-21T16:59:24,12,9987,0,9999
2023-11-21T17:15:22,12,9987,0,9999
2023-11-21T17:31:19,12,9987,0,9999
2023-11-21T17:47:16,12,9987,0,9999
2023-11-21T18:03:21,12,9987,0,9999
2023-11-21T18:19:18,12,9987,0,9999
2023-11-21T18:35:14,12,9987,0,9999
2023-11-21T18:51:33,12,9987,0,9999
2023-11-21T19:07:29,12,9987,0,9999
2023-11-21T19:23:25,12,9987,0,9999
2023-11-21T19:39:22,12,9987,0,9999
2023-11-21T19:55:17,12,9987,0,9999
2023-11-21T20:11:26,12,9987,0,9999
2023-11-21T20:27:23,12,9987,0,9999
2023-11-21T20:43:20,12,9987,0,9999
2023-11-21T20:59:16,12,9987,0,9999
2023-11-21T21:15:12,12,9987,0,9999
2023-11-21T21:31:08,12,9987,0,9999
2023-11-21T21:47:04,12,9987,0,9999
2023-11-21T22:03:11,12,9987,0,9999
2023-11-21T22:19:07,12,9987,0,9999
2023-11-21T22:35:03,12,9987,0,9999
2023-11-21T22:50:59,13,9986,0,9999
2023-11-21T23:06:57,13,9986,0,9999
2023-11-21T23:22:53,13,9986,0,9999
2023-11-21T23:38:50,13,9986,0,9999
2023-11-21T23:54:57,13,9986,0,9999
2023-11-22T00:10:55,13,9986,0,9999
2023-11-22T00:26:56,13,9986,0,9999
2023-11-22T00:42:56,13,9986,0,9999
2023-11-22T00:58:58,13,9986,0,9999
2023-11-22T01:15:00,13,9986,0,9999
2023-11-22T01:31:00,13,9986,0,9999
2023-11-22T01:47:36,13,9986,0,9999
2023-11-22T02:03:37,13,9986,0,9999
2023-11-22T02:19:37,13,9986,0,9999
2023-11-22T02:35:36,13,9986,0,9999
2023-11-22T02:51:35,13,9986,0,9999
2023-11-22T03:07:48,13,9986,0,9999
2023-11-22T03:23:50,13,9986,0,9999
2023-11-22T03:39:50,13,9986,0,9999
2023-11-22T03:55:51,13,9986,0,9999
2023-11-22T04:11:53,13,9986,0,9999
2023-11-22T04:31:49,13,9986,0,9999
2023-11-22T04:49:23,13,9986,0,9999
2023-11-22T05:05:25,13,9986,0,9999
2023-11-22T05:21:26,13,9986,0,9999
2023-11-22T05:37:27,13,9986,0,9999
2023-11-22T05:53:28,13,9986,0,9999
2023-11-22T06:09:33,13,9986,0,9999
2023-11-22T06:25:35,13,9986,0,9999
2023-11-22T06:41:35,13,9986,0,9999
2023-11-22T06:57:35,13,9986,0,9999
2023-11-22T07:13:35,13,9986,0,9999
2023-11-22T07:29:35,13,9986,0,9999
2023-11-22T07:45:31,13,9986,0,9999
2023-11-22T08:01:27,13,9986,0,9999
2023-11-22T08:17:23,13,9986,0,9999
2023-11-22T08:33:30,13,9986,0,9999
2023-11-22T08:49:26,13,9986,0,9999
2023-11-22T09:05:24,13,9986,0,9999
2023-11-22T09:21:22,13,9986,0,9999
2023-11-22T09:37:19,13,9986,0,9999
2023-11-22T09:53:27,13,9986,0,9999
2023-11-22T10:09:25,13,9986,0,9999
2023-11-22T10:25:23,13,9986,0,9999
2023-11-22T10:41:21,13,9986,0,9999
2023-11-22T10:57:30,13,9986,0,9999
2023-11-22T11:13:29,13,9986,0,9999
2023-11-22T11:29:27,13,9986,0,9999
2023-11-22T11:45:27,13,9986,0,9999
2023-11-22T12:01:25,13,9986,0,9999
2023-11-22T12:17:38,13,9986,0,9999
2023-11-22T12:33:37,13,9986,0,9999
2023-11-22T12:49:35,13,9986,0,9999
2023-11-22T13:05:44,13,9986,0,9999
2023-11-22T13:21:43,13,9986,0,9999
2023-11-22T13:37:42,13,9986,0,9999
2023-11-22T13:53:42,13,9986,0,9999
2023-11-22T14:09:54,13,9986,0,9999
2023-11-22T14:25:56,13,9986,0,9999
2023-11-22T14:41:58,13,9986,0,9999
2023-11-22T14:58:00,13,9986,0,9999
2023-11-22T15:14:13,13,9986,0,9999
2023-11-22T15:30:14,13,9986,0,9999
2023-11-22T15:46:16,13,9986,0,9999
2023-11-22T16:02:27,13,9986,0,9999
2023-11-22T16:18:28,13,9986,0,9999
2023-11-22T16:34:30,13,9986,0,9999
2023-11-22T16:50:30,13,9986,0,9999
2023-11-22T17:06:32,13,9986,0,9999
2023-11-22T17:22:47,13,9986,0,9999
2023-11-22T17:38:48,13,9986,0,9999
2023-11-22T17:54:49,13,9986,0,9999
2023-11-22T18:11:00,13,9986,0,9999
2023-11-22T18:27:02,13,9986,0,9999
2023-11-22T18:43:03,13,9986,0,9999
2023-11-22T18:59:04,13,9986,0,9999
2023-11-22T19:15:06,13,9986,0,9999
2023-11-22T19:31:07,13,9986,0,9999
2023-11-22T19:47:19,13,9986,0,9999
2023-11-22T20:03:21,13,9986,0,9999
2023-11-22T20:19:23,13,9986,0,9999
2023-11-22T20:35:25,13,9986,0,9999
2023-11-22T20:51:27,13,9986,0,9999
2023-11-22T21:07:39,13,9986,0,9999
2023-11-22T21:23:40,13,9986,0,9999
2023-11-22T21:39:41,13,9986,0,9999
2023-11-22T21:55:42,13,9986,0,9999
2023-11-22T22:11:45,13,9986,0,9999
2023-11-22T22:27:46,13,9986,0,9999
2023-11-22T22:43:58,13,9986,0,9999
2023-11-22T23:00:00,13,9986,0,9999
2023-11-22T23:16:03,13,9986,0,9999
2023-11-22T23:32:05,13,9986,0,9999
2023-11-22T23:48:07,13,9986,0,9999
2023-11-23T00:04:10,13,9986,0,9999
2023-11-23T00:20:27,13,9986,0,9999
2023-11-23T00:36:32,13,9986,0,9999
2023-11-23T00:52:38,13,9986,0,9999
2023-11-23T01:08:46,13,9986,0,9999
2023-11-23T01:24:51,13,9986,0,9999
2023-11-23T01:40:57,13,9986,0,9999
2023-11-23T01:57:04,13,9986,0,9999
2023-11-23T02:13:10,13,9986,0,9999
2023-11-23T02:29:14,13,9986,0,9999
2023-11-23T02:45:17,13,9986,0,9999
2023-11-23T03:01:19,13,9986,0,9999
2023-11-23T03:17:25,13,9986,0,9999
2023-11-23T03:33:30,13,9986,0,9999
2023-11-23T03:49:33,13,9986,0,9999
2023-11-23T04:05:39,13,9986,0,9999
2023-11-23T04:25:47,13,9986,0,9999
2023-11-23T04:42:19,13,9986,0,9999
2023-11-23T04:58:27,13,9986,0,9999
2023-11-23T05:14:35,13,9986,0,9999
2023-11-23T05:30:41,13,9986,0,9999
2023-11-23T05:46:48,13,9986,0,9999
2023-11-23T06:02:57,13,9986,0,9999
2023-11-23T06:19:03,13,9986,0,9999
2023-11-23T06:35:08,13,9986,0,9999
2023-11-23T06:51:14,13,9986,0,9999
2023-11-23T07:07:19,13,9986,0,9999
2023-11-23T07:23:23,13,9986,0,9999
2023-11-23T07:39:27,13,9986,0,9999
2023-11-23T07:55:31,13,9986,0,9999
2023-11-23T08:11:47,13,9986,0,9999
2023-11-23T08:27:52,13,9986,0,9999
2023-11-23T08:43:57,13,9986,0,9999
2023-11-23T09:00:02,13,9986,0,9999
2023-11-23T09:16:06,13,9986,0,9999
2023-11-23T09:32:10,13,9986,0,9999
2023-11-23T09:48:14,13,9986,0,9999
2023-11-23T10:04:18,13,9986,0,9999
2023-11-23T10:20:21,13,9986,0,9999
2023-11-23T10:36:25,13,9986,0,9999
2023-11-23T10:52:37,13,9986,0,9999
2023-11-23T11:08:41,13,9986,0,9999
2023-11-23T11:24:43,13,9986,0,9999
2023-11-23T11:40:44,13,9986,0,9999
2023-11-23T11:56:46,13,9986,0,9999
2023-11-23T12:12:48,13,9986,0,9999
2023-11-23T12:28:58,13,9986,0,9999
2023-11-23T12:44:59,13,9986,0,9999
2023-11-23T13:01:01,13,9986,0,9999
2023-11-23T13:17:02,13,9986,0,9999
2023-11-23T13:33:03,13,9986,0,9999
2023-11-23T13:49:04,13,9986,0,9999
2023-11-23T14:05:05,13,9986,0,9999
2023-11-23T14:21:06,13,9986,0,9999
2023-11-23T14:37:16,13,9986,0,9999
2023-11-23T14:53:17,13,9986,0,9999
2023-11-23T15:09:19,13,9986,0,9999
2023-11-23T15:25:20,13,9986,0,9999
2023-11-23T15:41:21,13,9986,0,9999
2023-11-23T15:57:22,13,9986,0,9999
2023-11-23T16:13:23,13,9986,0,9999
2023-11-23T16:29:33,13,9986,0,9999
2023-11-23T16:45:35,13,9986,0,9999
2023-11-23T17:01:36,13,9986,0,9999
2023-11-23T17:17:38,13,9986,0,9999
2023-11-23T17:33:40,13,9986,0,9999
2023-11-23T17:49:42,13,9986,0,9999
2023-11-23T18:05:43,13,9986,0,9999
2023-11-23T18:21:45,13,9986,0,9999
2023-11-23T18:37:47,13,9986,0,9999
2023-11-23T18:53:58,13,9986,0,9999
2023-11-23T19:10:00,13,9986,0,9999
2023-11-23T19:26:02,13,9986,0,9999
2023-11-23T19:42:05,13,9986,0,9999
2023-11-23T19:58:07,13,9986,0,9999
2023-11-23T20:14:08,13,9986,0,9999
2023-11-23T20:30:11,13,9986,0,9999
2023-11-23T20:46:24,13,9986,0,9999
2023-11-23T21:02:26,13,9986,0,9999
2023-11-23T21:18:27,13,9986,0,9999
2023-11-23T21:34:29,13,9986,0,9999
2023-11-23T21:50:31,13,9986,0,9999
2023-11-23T22:06:32,13,9986,0,9999
2023-11-23T22:22:33,13,9986,0,9999
2023-11-23T22:38:35,13,9986,0,9999
2023-11-23T22:54:46,13,9986,0,9999
2023-11-23T23:10:49,13,9986,0,9999
2023-11-23T23:26:51,13,9986,0,9999
2023-11-23T23:42:53,13,9986,0,9999
2023-11-23T23:58:55,13,9986,0,9999
2023-11-24T00:15:00,13,9986,0,9999
2023-11-24T00:31:05,13,9986,0,9999
2023-11-24T00:47:10,13,9986,0,9999
2023-11-24T01:03:15,13,9986,0,9999
2023-11-24T01:19:32,13,9986,0,9999
2023-11-24T01:35:39,13,9986,0,9999
2023-11-24T01:51:43,13,9986,0,9999
2023-11-24T02:07:49,13,9986,0,9999
2023-11-24T02:23:54,13,9986,0,9999
2023-11-24T02:39:58,13,9986,0,9999
2023-11-24T02:56:02,13,9986,0,9999
2023-11-24T03:12:06,13,9986,0,9999
2023-11-24T03:28:11,13,9986,0,9999
2023-11-24T03:44:25,13,9986,0,9999
2023-11-24T04:00:30,13,9986,0,9999
2023-11-24T04:24:39,13,9986,0,9999
2023-11-24T04:42:07,13,9986,0,9999
2023-11-24T04:58:31,13,9986,0,9999
2023-11-24T05:14:38,13,9986,0,9999
2023-11-24T05:30:43,13,9986,0,9999
2023-11-24T05:46:50,13,9986,0,9999
2023-11-24T06:03:00,13,9986,0,9999
2023-11-24T06:19:04,13,9986,0,9999
2023-11-24T06:35:07,13,9986,0,9999
2023-11-24T06:51:10,13,9986,0,9999
2023-11-24T07:07:12,13,9986,0,9999
2023-11-24T07:23:22,13,9986,0,9999
2023-11-24T07:39:24,13,9986,0,9999
2023-11-24T07:55:25,13,9986,0,9999
2023-11-24T08:11:27,13,9986,0,9999
2023-11-24T08:27:29,13,9986,0,9999
2023-11-24T08:43:31,13,9986,0,9999
2023-11-24T08:59:32,13,9986,0,9999
2023-11-24T09:15:33,13,9986,0,9999
2023-11-24T09:31:34,13,9986,0,9999
2023-11-24T09:47:46,13,9986,0,9999
2023-11-24T10:03:48,13,9986,0,9999
2023-11-24T10:19:49,13,9986,0,9999
2023-11-24T10:35:50,13,9986,0,9999
2023-11-24T10:51:51,13,9986,0,9999
2023-11-24T11:08:01,13,9986,0,9999
2023-11-24T11:24:02,13,9986,0,9999
2023-11-24T11:40:03,13,9986,0,9999
2023-11-24T11:56:04,13,9986,0,9999
2023-11-24T12:12:06,13,9986,0,9999
2023-11-24T12:28:17,13,9986,0,9999
2023-11-24T12:44:18,13,9986,0,9999
2023-11-24T13:00:19,13,9986,0,9999
2023-11-24T13:16:20,13,9986,0,9999
2023-11-24T13:32:30,13,9986,0,9999
2023-11-24T13:48:31,13,9986,0,9999
2023-11-24T14:04:32,13,9986,0,9999
2023-11-24T14:20:32,13,9986,0,9999
2023-11-24T14:36:43,13,9986,0,9999
2023-11-24T14:52:43,13,9986,0,9999
2023-11-24T15:08:48,13,9986,0,9999
2023-11-24T15:24:59,13,9986,0,9999
2023-11-24T15:40:59,13,9986,0,9999
2023-11-24T15:56:59,13,9986,0,9999
2023-11-24T16:13:00,13,9986,0,9999
2023-11-24T16:29:01,13,9986,0,9999
2023-11-24T16:45:11,13,9986,0,9999
2023-11-24T17:01:12,13,9986,0,9999
2023-11-24T17:17:14,13,9986,0,9999
2023-11-24T17:33:15,13,9986,0,9999
2023-11-24T17:49:16,13,9986,0,9999
2023-11-24T18:05:18,13,9986,0,9999
2023-11-24T18:21:29,13,9986,0,9999
2023-11-24T18:37:30,13,9986,0,9999
2023-11-24T18:53:32,13,9986,0,9999
2023-11-24T19:09:34,13,9986,0,9999
2023-11-24T19:25:46,13,9986,0,9999
2023-11-24T19:41:47,13,9986,0,9999
2023-11-24T19:57:48,13,9986,0,9999
2023-11-24T20:13:49,13,9986,0,9999
2023-11-24T20:29:51,13,9986,0,9999
2023-11-24T20:45:53,13,9986,0,9999
2023-11-24T21:02:04,13,9986,0,9999
2023-11-24T21:18:05,13,9986,0,9999
2023-11-24T21:34:06,13,9986,0,9999
2023-11-24T21:50:08,13,9986,0,9999
2023-11-24T22:06:09,13,9986,0,9999
2023-11-24T22:22:21,13,9986,0,9999
2023-11-24T22:38:22,13,9986,0,9999
2023-11-24T22:54:23,13,9986,0,9999
2023-11-24T23:10:25,13,9986,0,9999
2023-11-24T23:26:28,13,9986,0,9999
2023-11-24T23:42:31,13,9986,0,9999
2023-11-24T23:58:33,13,9986,0,9999
2023-11-25T00:14:49,13,9986,0,9999
2023-11-25T00:30:55,13,9986,0,9999
2023-11-25T00:47:00,13,9986,0,9999
2023-11-25T01:03:05,13,9986,0,9999
2023-11-25T01:19:11,13,9986,0,9999
2023-11-25T01:35:16,13,9986,0,9999
2023-11-25T01:51:20,13,9986,0,9999
2023-11-25T02:07:25,13,9986,0,9999
2023-11-25T02:23:31,13,9986,0,9999
2023-11-25T02:39:43,13,9986,0,9999
2023-11-25T02:55:47,13,9986,0,9999
2023-11-25T03:11:52,13,9986,0,9999
2023-11-25T03:27:57,13,9986,0,9999
2023-11-25T03:44:01,13,9986,0,9999
2023-11-25T04:00:07,13,9986,0,9999
2023-11-25T04:21:03,13,9986,0,9999
2023-11-25T04:37:34,13,9986,0,9999
2023-11-25T04:53:41,13,9986,0,9999
2023-11-25T05:09:49,13,9986,0,9999
2023-11-25T05:25:56,13,9986,0,9999
2023-11-25T05:42:03,13,9986,0,9999
2023-11-25T05:58:08,13,9986,0,9999
2023-11-25T06:14:16,13,9986,0,9999
2023-11-25T06:30:21,13,9986,0,9999
2023-11-25T06:46:25,13,9986,0,9999
2023-11-25T07:02:27,13,9986,0,9999
2023-11-25T07:18:29,13,9986,0,9999
2023-11-25T07:34:41,13,9986,0,9999
2023-11-25T07:50:42,13,9986,0,9999
2023-11-25T08:06:46,13,9986,0,9999
2023-11-25T08:22:48,13,9986,0,9999
2023-11-25T08:38:49,13,9986,0,9999
2023-11-25T08:54:51,13,9986,0,9999
2023-11-25T09:10:52,13,9986,0,9999
2023-11-25T09:26:54,13,9986,0,9999
2023-11-25T09:42:55,13,9986,0,9999
2023-11-25T09:59:06,13,9986,0,9999
2023-11-25T10:15:08,13,9986,0,9999
2023-11-25T10:31:10,13,9986,0,9999
2023-11-25T10:47:11,13,9986,0,9999
2023-11-25T11:03:13,13,9986,0,9999
2023-11-25T11:19:15,13,9986,0,9999
2023-11-25T11:35:30,13,9986,0,9999
2023-11-25T11:51:31,13,9986,0,9999
2023-11-25T12:07:36,13,9986,0,9999
2023-11-25T12:23:36,13,9986,0,9999
2023-11-25T12:39:46,13,9986,0,9999
2023-11-25T12:55:47,13,9986,0,9999
2023-11-25T13:11:48,13,9986,0,9999
2023-11-25T13:27:50,13,9986,0,9999
2023-11-25T13:44:03,13,9986,0,9999
2023-11-25T14:00:04,13,9986,0,9999
2023-11-25T14:16:06,13,9986,0,9999
2023-11-25T14:32:07,13,9986,0,9999
2023-11-25T14:48:08,13,9986,0,9999
2023-11-25T15:04:19,13,9986,0,9999
2023-11-25T15:20:20,13,9986,0,9999
2023-11-25T15:36:21,13,9986,0,9999
2023-11-25T15:52:23,13,9986,0,9999
2023-11-25T16:08:33,13,9986,0,9999
2023-11-25T16:24:34,13,9986,0,9999
2023-11-25T16:40:35,13,9986,0,9999
2023-11-25T16:56:36,13,9986,0,9999
2023-11-25T17:12:39,13,9986,0,9999
2023-11-25T17:28:50,13,9986,0,9999
2023-11-25T17:44:52,13,9986,0,9999
2023-11-25T18:00:53,13,9986,0,9999
2023-11-25T18:16:56,13,9986,0,9999
2023-11-25T18:32:57,13,9986,0,9999
2023-11-25T18:49:10,13,9986,0,9999
2023-11-25T19:05:12,13,9986,0,9999
2023-11-25T19:21:14,13,9986,0,9999
2023-11-25T19:37:15,13,9986,0,9999
2023-11-25T19:53:17,13,9986,0,9999
2023-11-25T20:09:30,13,9986,0,9999
2023-11-25T20:25:33,13,9986,0,9999
2023-11-25T20:41:36,13,9986,0,9999
2023-11-25T20:57:37,13,9986,0,9999
2023-11-25T21:13:49,13,9986,0,9999
2023-11-25T21:29:51,13,9986,0,9999
2023-11-25T21:45:52,13,9986,0,9999
2023-11-25T22:01:53,13,9986,0,9999
2023-11-25T22:17:54,13,9986,0,9999
2023-11-25T22:33:56,13,9986,0,9999
2023-11-25T22:49:58,13,9986,0,9999
2023-11-25T23:06:10,13,9986,0,9999
2023-11-25T23:22:12,13,9986,0,9999
2023-11-25T23:38:13,13,9986,0,9999
2023-11-25T23:54:15,13,9986,0,9999
2023-11-26T00:10:17,13,9986,0,9999
2023-11-26T00:26:22,13,9986,0,9999
2023-11-26T00:42:28,13,9986,0,9999
2023-11-26T00:58:40,13,9986,0,9999
2023-11-26T01:14:44,13,9986,0,9999
2023-11-26T01:30:46,13,9986,0,9999
2023-11-26T01:46:48,13,9986,0,9999
2023-11-26T02:02:50,13,9986,0,9999
2023-11-26T02:18:52,13,9986,0,9999
2023-11-26T02:34:57,13,9986,0,9999
2023-11-26T02:51:06,13,9986,0,9999
2023-11-26T03:07:36,13,9986,0,9999
2023-11-26T03:23:55,13,9986,0,9999
2023-11-26T03:40:01,13,9986,0,9999
2023-11-26T03:56:08,13,9986,0,9999
2023-11-26T04:21:36,13,9986,0,9999
2023-11-26T04:38:12,13,9986,0,9999
2023-11-26T04:54:22,13,9986,0,9999
2023-11-26T05:10:31,13,9986,0,9999
2023-11-26T05:26:38,13,9986,0,9999
2023-11-26T05:42:43,13,9986,0,9999
2023-11-26T05:58:49,13,9986,0,9999
2023-11-26T06:14:59,13,9986,0,9999
2023-11-26T06:31:04,13,9986,0,9999
2023-11-26T06:47:09,13,9986,0,9999
2023-11-26T07:03:13,13,9986,0,9999
2023-11-26T07:19:18,13,9986,0,9999
2023-11-26T07:35:22,13,9986,0,9999
2023-11-26T07:51:26,13,9986,0,9999
2023-11-26T08:07:33,13,9986,0,9999
2023-11-26T08:23:39,13,9986,0,9999
2023-11-26T08:39:41,13,9986,0,9999
2023-11-26T08:55:42,13,9986,0,9999
2023-11-26T09:11:43,13,9986,0,9999
2023-11-26T09:27:45,13,9986,0,9999
2023-11-26T09:44:04,13,9986,0,9999
2023-11-26T10:00:07,13,9986,0,9999
2023-11-26T10:16:09,13,9986,0,9999
2023-11-26T10:32:13,13,9986,0,9999
2023-11-26T10:48:20,13,9986,0,9999
2023-11-26T11:04:26,13,9986,0,9999
2023-11-26T11:20:30,13,9986,0,9999
2023-11-26T11:36:34,13,9986,0,9999
2023-11-26T11:52:38,13,9986,0,9999
2023-11-26T12:08:43,13,9986,0,9999
2023-11-26T12:24:44,13,9986,0,9999
2023-11-26T12:40:46,13,9986,0,9999
2023-11-26T12:56:47,13,9986,0,9999
2023-11-26T13:12:48,13,9986,0,9999
2023-11-26T13:28:49,13,9986,0,9999
2023-11-26T13:44:50,13,9986,0,9999
2023-11-26T14:01:07,13,9986,0,9999
2023-11-26T14:17:08,13,9986,0,9999
2023-11-26T14:33:10,13,9986,0,9999
2023-11-26T14:49:11,13,9986,0,9999
2023-11-26T15:05:15,13,9986,0,9999
2023-11-26T15:21:24,13,9986,0,9999
2023-11-26T15:37:25,13,9986,0,9999
2023-11-26T15:53:26,13,9986,0,9999
2023-11-26T16:09:27,13,9986,0,9999
2023-11-26T16:25:29,13,9986,0,9999
2023-11-26T16:41:31,13,9986,0,9999
2023-11-26T16:57:48,13,9986,0,9999
2023-11-26T17:13:51,13,9986,0,9999
2023-11-26T17:29:53,13,9986,0,9999
2023-11-26T17:45:55,13,9986,0,9999
2023-11-26T18:01:56,13,9986,0,9999
2023-11-26T18:17:58,13,9986,0,9999
2023-11-26T18:34:08,13,9986,0,9999
2023-11-26T18:50:10,13,9986,0,9999
2023-11-26T19:06:14,13,9986,0,9999
2023-11-26T19:22:17,13,9986,0,9999
2023-11-26T19:38:18,13,9986,0,9999
2023-11-26T19:54:20,13,9986,0,9999
2023-11-26T20:10:30,13,9986,0,9999
2023-11-26T20:26:31,13,9986,0,9999
2023-11-26T20:42:33,13,9986,0,9999
2023-11-26T20:58:35,13,9986,0,9999
2023-11-26T21:14:53,13,9986,0,9999
2023-11-26T21:30:55,13,9986,0,9999
2023-11-26T21:46:58,13,9986,0,9999
2023-11-26T22:02:59,13,9986,0,9999
2023-11-26T22:19:00,13,9986,0,9999
2023-11-26T22:35:13,13,9986,0,9999
2023-11-26T22:51:15,13,9986,0,9999
2023-11-26T23:07:17,13,9986,0,9999
2023-11-26T23:23:19,13,9986,0,9999
2023-11-26T23:39:22,13,9986,0,9999
2023-11-26T23:55:41,13,9986,0,9999
2023-11-27T00:11:52,13,9986,0,9999
2023-11-27T00:28:06,13,9986,0,9999
2023-11-27T00:44:17,13,9986,0,9999
2023-11-27T01:00:22,13,9986,0,9999
2023-11-27T01:16:32,13,9986,0,9999
2023-11-27T01:32:38,13,9986,0,9999
2023-11-27T01:48:43,13,9986,0,9999
2023-11-27T02:04:59,13,9986,0,9999
2023-11-27T02:21:04,13,9986,0,9999
2023-11-27T02:37:08,13,9986,0,9999
2023-11-27T02:53:12,13,9986,0,9999
2023-11-27T03:09:15,13,9986,0,9999
2023-11-27T03:25:20,13,9986,0,9999
2023-11-27T03:41:24,13,9986,0,9999
2023-11-27T03:57:27,13,9986,0,9999
2023-11-27T04:32:14,13,9986,0,9999
2023-11-27T04:48:46,13,9986,0,9999
2023-11-27T05:04:55,13,9986,0,9999
2023-11-27T05:21:01,13,9986,0,9999
2023-11-27T05:37:06,13,9986,0,9999
2023-11-27T05:53:12,13,9986,0,9999
2023-11-27T06:09:21,13,9986,0,9999
2023-11-27T06:25:24,13,9986,0,9999
2023-11-27T06:41:28,13,9986,0,9999
2023-11-27T06:57:30,13,9986,0,9999
2023-11-27T07:13:32,13,9986,0,9999
2023-11-27T07:29:33,13,9986,0,9999
2023-11-27T07:45:43,13,9986,0,9999
2023-11-27T08:01:45,13,9986,0,9999
2023-11-27T08:17:46,13,9986,0,9999
2023-11-27T08:33:51,13,9986,0,9999
2023-11-27T08:49:53,13,9986,0,9999
2023-11-27T09:05:57,13,9986,0,9999
2023-11-27T09:22:03,13,9986,0,9999
2023-11-27T09:38:18,13,9986,0,9999
2023-11-27T09:54:23,13,9986,0,9999
2023-11-27T10:10:30,13,9986,0,9999
2023-11-27T10:26:48,13,9986,0,9999
2023-11-27T10:42:54,13,9986,0,9999
2023-11-27T10:58:59,13,9986,0,9999
2023-11-27T11:15:18,13,9986,0,9999
2023-11-27T11:31:24,13,9986,0,9999
2023-11-27T11:47:40,13,9986,0,9999
2023-11-27T12:03:49,13,9986,0,9999
2023-11-27T12:20:06,13,9986,0,9999
2023-11-27T12:36:12,13,9986,0,9999
2023-11-27T12:52:29,13,9986,0,9999
2023-11-27T13:08:36,13,9986,0,9999
2023-11-27T13:24:52,13,9986,0,9999
2023-11-27T13:41:00,13,9986,0,9999
2023-11-27T13:57:07,13,9986,0,9999
2023-11-27T14:13:25,13,9986,0,9999
2023-11-27T14:29:41,13,9986,0,9999
2023-11-27T14:45:48,13,9986,0,9999
2023-11-27T15:01:59,13,9986,0,9999
2023-11-27T15:18:17,13,9986,0,9999
2023-11-27T15:34:23,13,9986,0,9999
2023-11-27T15:50:42,13,9986,0,9999
2023-11-27T16:06:46,13,9986,0,9999
2023-11-27T16:23:04,13,9986,0,9999
2023-11-27T16:39:11,13,9986,0,9999
2023-11-27T16:55:20,13,9986,0,9999
2023-11-27T17:11:49,13,9986,0,9999
2023-11-27T17:27:57,13,9986,0,9999
2023-11-27T17:44:15,13,9986,0,9999
2023-11-27T18:00:23,13,9986,0,9999
2023-11-27T18:16:36,13,9986,0,9999
2023-11-27T18:32:58,13,9986,0,9999
2023-11-27T18:49:02,13,9986,0,9999
2023-11-27T19:05:12,13,9986,0,9999
2023-11-27T19:21:31,13,9986,0,9999
2023-11-27T19:37:34,13,9986,0,9999
2023-11-27T19:53:38,13,9986,0,9999
2023-11-27T20:09:53,13,9986,0,9999
2023-11-27T20:25:56,13,9986,0,9999
2023-11-27T20:42:00,13,9986,0,9999
2023-11-27T20:58:14,13,9986,0,9999
2023-11-27T21:14:18,13,9986,0,9999
2023-11-27T21:30:22,13,9986,0,9999
2023-11-27T21:46:37,13,9986,0,9999
2023-11-27T22:02:39,13,9986,0,9999
2023-11-27T22:18:42,13,9986,0,9999
2023-11-27T22:34:45,13,9986,0,9999
2023-11-27T22:50:48,13,9986,0,9999
2023-11-27T23:07:03,13,9986,0,9999
2023-11-27T23:23:06,13,9986,0,9999
2023-11-27T23:39:10,13,9986,0,9999
2023-11-27T23:55:13,13,9986,0,9999
2023-11-28T00:11:29,13,9986,0,9999
2023-11-28T00:27:40,13,9986,0,9999
2023-11-28T00:43:47,13,9986,0,9999
2023-11-28T00:59:56,13,9986,0,9999
2023-11-28T01:16:03,13,9986,0,9999
2023-11-28T01:32:12,13,9986,0,9999
2023-11-28T01:48:19,13,9986,0,9999
2023-11-28T02:04:28,13,9986,0,9999
2023-11-28T02:20:33,13,9986,0,9999
2023-11-28T02:36:49,13,9986,0,9999
2023-11-28T02:52:55,13,9986,0,9999
2023-11-28T03:09:00,13,9986,0,9999
2023-11-28T03:25:06,13,9986,0,9999
2023-11-28T03:41:12,13,9986,0,9999
2023-11-28T03:57:18,13,9986,0,9999
2023-11-28T04:26:13,13,9986,0,9999
2023-11-28T04:42:40,13,9986,0,9999
2023-11-28T04:58:51,13,9986,0,9999
2023-11-28T05:14:59,13,9986,0,9999
2023-11-28T05:31:06,13,9986,0,9999
2023-11-28T05:47:13,13,9986,0,9999
2023-11-28T06:03:21,13,9986,0,9999
2023-11-28T06:19:33,13,9986,0,9999
2023-11-28T06:35:39,13,9986,0,9999
2023-11-28T06:51:45,13,9986,0,9999
2023-11-28T07:07:51,13,9986,0,9999
2023-11-28T07:23:56,13,9986,0,9999
2023-11-28T07:40:01,13,9986,0,9999
2023-11-28T07:56:05,13,9986,0,9999
2023-11-28T08:12:10,13,9986,0,9999
2023-11-28T08:28:32,13,9986,0,9999
2023-11-28T08:44:38,13,9986,0,9999
2023-11-28T09:00:41,13,9986,0,9999
2023-11-28T09:16:44,13,9986,0,9999
2023-11-28T09:32:47,13,9986,0,9999
2023-11-28T09:49:07,13,9986,0,9999
2023-11-28T10:05:11,13,9986,0,9999
2023-11-28T10:21:14,13,9986,0,9999
2023-11-28T10:37:28,13,9986,0,9999
2023-11-28T10:53:31,13,9986,0,9999
2023-11-28T11:09:34,13,9986,0,9999
2023-11-28T11:25:38,13,9986,0,9999
2023-11-28T11:42:00,13,9986,0,9999
2023-11-28T11:58:03,13,9986,0,9999
2023-11-28T12:14:18,13,9986,0,9999
2023-11-28T12:30:21,13,9986,0,9999
2023-11-28T12:46:25,13,9986,0,9999
2023-11-28T13:02:40,13,9986,0,9999
2023-11-28T13:18:44,13,9986,0,9999
2023-11-28T13:34:48,13,9986,0,9999
2023-11-28T13:51:36,13,9986,0,9999
2023-11-28T14:07:32,13,9986,0,9999
2023-11-28T14:23:28,13,9986,0,9999
2023-11-28T14:39:24,13,9986,0,9999
2023-11-28T14:55:31,13,9986,0,9999
2023-11-28T15:11:28,13,9986,0,9999
2023-11-28T15:27:24,13,9986,0,9999
2023-11-28T15:43:39,13,9986,0,9999
2023-11-28T15:59:36,13,9986,0,9999
2023-11-28T16:15:32,13,9986,0,9999
2023-11-28T16:31:39,13,9986,0,9999
2023-11-28T16:47:35,13,9986,0,9999
2023-11-28T17:03:36,13,9986,0,9999
2023-11-28T17:19:34,13,9986,0,9999
2023-11-28T17:35:41,13,9986,0,9999
2023-11-28T17:51:38,13,9986,0,9999
2023-11-28T18:07:36,13,9986,0,9999
2023-11-28T18:23:32,13,9986,0,9999
2023-11-28T18:39:48,13,9986,0,9999
2023-11-28T18:55:45,13,9986,0,9999
2023-11-28T19:11:43,13,9986,0,9999
2023-11-28T19:27:40,13,9986,0,9999
2023-11-28T19:43:37,13,9986,0,9999
2023-11-28T19:59:43,13,9986,0,9999
2023-11-28T20:15:40,13,9986,0,9999
2023-11-28T20:31:37,13,9986,0,9999
2023-11-28T20:47:36,13,9986,0,9999
2023-11-28T21:03:51,13,9986,0,9999
2023-11-28T21:19:48,13,9986,0,9999
2023-11-28T21:35:46,13,9986,0,9999
2023-11-28T21:51:42,13,9986,0,9999
2023-11-28T22:07:39,13,9986,0,9999
2023-11-28T22:23:45,13,9986,0,9999
2023-11-28T22:39:42,13,9986,0,9999
2023-11-28T22:55:39,13,9986,0,9999
2023-11-28T23:11:37,13,9986,0,9999
2023-11-28T23:27:34,13,9986,0,9999
2023-11-28T23:43:43,13,9986,0,9999
2023-11-28T23:59:40,13,9986,0,9999
2023-11-29T00:15:47,13,9986,0,9999
2023-11-29T00:31:50,13,9986,0,9999
2023-11-29T00:47:52,13,9986,0,9999
2023-11-29T01:03:56,13,9986,0,9999
2023-11-29T01:19:58,13,9986,0,9999
2023-11-29T01:36:56,13,9986,0,9999
2023-11-29T01:52:58,13,9986,0,9999
2023-11-29T02:09:00,13,9986,0,9999
2023-11-29T02:26:05,13,9986,0,9999
2023-11-29T02:42:22,13,9986,0,9999
2023-11-29T02:58:30,13,9986,0,9999
2023-11-29T03:14:39,13,9986,0,9999
2023-11-29T03:30:49,13,9986,0,9999
2023-11-29T03:47:28,13,9986,0,9999
2023-11-29T04:03:38,13,9986,0,9999
2023-11-29T04:21:12,13,9986,0,9999
2023-11-29T04:37:43,13,9986,0,9999
2023-11-29T04:53:56,13,9986,0,9999
2023-11-29T05:10:05,13,9986,0,9999
2023-11-29T05:26:14,13,9986,0,9999
2023-11-29T05:42:23,13,9986,0,9999
2023-11-29T05:58:32,13,9986,0,9999
2023-11-29T06:14:42,13,9986,0,9999
2023-11-29T06:30:51,13,9986,0,9999
2023-11-29T06:46:59,13,9986,0,9999
2023-11-29T07:03:09,13,9986,0,9999
2023-11-29T07:19:17,13,9986,0,9999
2023-11-29T07:35:25,13,9986,0,9999
2023-11-29T07:51:33,13,9986,0,9999
2023-11-29T08:07:39,13,9986,0,9999
2023-11-29T08:23:54,13,9986,0,9999
2023-11-29T08:39:59,13,9986,0,9999
2023-11-29T08:56:05,13,9986,0,9999
2023-11-29T09:12:12,13,9986,0,9999
2023-11-29T09:28:17,13,9986,0,9999
2023-11-29T09:44:22,13,9986,0,9999
2023-11-29T10:00:26,13,9986,0,9999
2023-11-29T10:16:40,13,9986,0,9999
2023-11-29T10:32:46,13,9986,0,9999
2023-11-29T10:48:51,13,9986,0,9999
2023-11-29T11:04:57,13,9986,0,9999
2023-11-29T11:21:03,13,9986,0,9999
2023-11-29T11:37:20,13,9986,0,9999
2023-11-29T11:53:25,13,9986,0,9999
2023-11-29T12:09:30,13,9986,0,9999
2023-11-29T12:25:46,13,9986,0,9999
2023-11-29T12:41:51,13,9986,0,9999
2023-11-29T12:57:56,14,9985,0,9999
2023-11-29T13:14:01,14,9985,0,9999
2023-11-29T13:30:15,14,9985,0,9999
2023-11-29T13:46:20,14,9985,0,9999
2023-11-29T14:02:25,14,9985,0,9999
2023-11-29T14:18:39,14,9985,0,9999
2023-11-29T14:34:44,14,9985,0,9999
2023-11-29T14:50:48,15,9984,0,9999
2023-11-29T15:07:05,15,9984,0,9999
2023-11-29T15:23:10,15,9984,0,9999
2023-11-29T15:39:14,15,9984,0,9999
2023-11-29T15:55:30,15,9984,0,9999
2023-11-29T16:11:34,15,9984,0,9999
2023-11-29T16:27:39,15,9984,0,9999
2023-11-29T16:43:44,15,9984,0,9999
2023-11-29T16:59:59,15,9984,0,9999
2023-11-29T17:16:05,15,9984,0,9999
2023-11-29T17:32:10,15,9984,0,9999
2023-11-29T17:48:14,15,9984,0,9999
2023-11-29T18:04:30,15,9984,0,9999
2023-11-29T18:20:35,15,9984,0,9999
2023-11-29T18:36:40,15,9984,0,9999
2023-11-29T18:52:45,15,9984,0,9999
2023-11-29T19:08:51,15,9984,0,9999
2023-11-29T19:25:07,15,9984,0,9999
2023-11-29T19:41:12,15,9984,0,9999
2023-11-29T19:57:16,15,9984,0,9999
2023-11-29T20:13:21,15,9984,0,9999
2023-11-29T20:29:25,15,9984,0,9999
2023-11-29T20:45:39,15,9984,0,9999
2023-11-29T21:01:44,15,9984,0,9999
2023-11-29T21:17:49,15,9984,0,9999
2023-11-29T21:33:53,15,9984,0,9999
2023-11-29T21:49:58,15,9984,0,9999
2023-11-29T22:06:02,15,9984,0,9999
2023-11-29T22:22:18,15,9984,0,9999
2023-11-29T22:38:23,15,9984,0,9999
2023-11-29T22:54:28,15,9984,0,9999
2023-11-29T23:10:33,15,9984,0,9999
2023-11-29T23:26:38,15,9984,0,9999
2023-11-29T23:42:44,15,9984,0,9999
2023-11-29T23:58:50,15,9984,0,9999
2023-11-30T00:15:16,15,9984,0,9999
2023-11-30T00:31:25,15,9984,0,9999
2023-11-30T00:47:35,15,9984,0,9999
2023-11-30T01:03:46,15,9984,0,9999
2023-11-30T01:19:54,15,9984,0,9999
2023-11-30T01:36:05,15,9984,0,9999
2023-11-30T01:52:14,15,9984,0,9999
2023-11-30T02:08:24,15,9984,0,9999
2023-11-30T02:24:32,15,9984,0,9999
2023-11-30T02:40:49,15,9984,0,9999
2023-11-30T02:56:58,15,9984,0,9999
2023-11-30T03:13:06,15,9984,0,9999
2023-11-30T03:29:14,15,9984,0,9999
2023-11-30T03:45:22,15,9984,0,9999
2023-11-30T04:01:40,15,9984,0,9999
2023-11-30T04:20:10,15,9984,0,9999
2023-11-30T04:34:17,15,9984,0,9999
2023-11-30T04:50:52,15,9984,0,9999
2023-11-30T05:07:04,15,9984,0,9999
2023-11-30T05:23:13,15,9984,0,9999
2023-11-30T05:39:22,15,9984,0,9999
2023-11-30T05:55:32,15,9984,0,9999
2023-11-30T06:11:43,15,9984,0,9999
2023-11-30T06:27:51,15,9984,0,9999
2023-11-30T06:44:00,15,9984,0,9999
2023-11-30T07:00:09,15,9984,0,9999
2023-11-30T07:16:18,15,9984,0,9999
2023-11-30T07:32:24,15,9984,0,9999
2023-11-30T07:48:31,15,9984,0,9999
2023-11-30T08:04:38,15,9984,0,9999
2023-11-30T08:20:44,15,9984,0,9999
2023-11-30T08:36:58,15,9984,0,9999
2023-11-30T08:53:03,15,9984,0,9999
2023-11-30T09:09:09,15,9984,0,9999
2023-11-30T09:25:15,15,9984,0,9999
2023-11-30T09:41:20,15,9984,0,9999
2023-11-30T09:57:24,15,9984,0,9999
2023-11-30T10:13:29,15,9984,0,9999
2023-11-30T10:29:45,16,9983,0,9999
2023-11-30T10:45:52,16,9983,0,9999
2023-11-30T11:01:58,16,9983,0,9999
2023-11-30T11:18:04,16,9983,0,9999
2023-11-30T11:34:10,16,9983,0,9999
2023-11-30T11:50:28,16,9983,0,9999
2023-11-30T12:06:36,16,9983,0,9999
2023-11-30T12:22:42,16,9983,0,9999
2023-11-30T12:38:58,16,9983,0,9999
2023-11-30T12:55:04,16,9983,0,9999
2023-11-30T13:11:10,16,9983,0,9999
2023-11-30T13:27:17,16,9983,0,9999
2023-11-30T13:43:23,16,9983,0,9999
2023-11-30T13:59:39,16,9983,0,9999
2023-11-30T14:15:46,16,9983,0,9999
2023-11-30T14:31:51,16,9983,0,9999
2023-11-30T14:47:57,16,9983,0,9999
2023-11-30T15:04:14,16,9983,0,9999
2023-11-30T15:20:21,16,9983,0,9999
2023-11-30T15:36:27,16,9983,0,9999
2023-11-30T15:52:34,16,9983,0,9999
2023-11-30T16:08:51,16,9983,0,9999
2023-11-30T16:24:57,16,9983,0,9999
2023-11-30T16:41:03,16,9983,0,9999
2023-11-30T16:57:10,16,9983,0,9999
2023-11-30T17:13:28,16,9983,0,9999
2023-11-30T17:29:35,16,9983,0,9999
2023-11-30T17:45:41,16,9983,0,9999
2023-11-30T18:01:47,16,9983,0,9999
2023-11-30T18:18:05,16,9983,0,9999
2023-11-30T18:34:11,16,9983,0,9999
2023-11-30T18:50:17,16,9983,0,9999
2023-11-30T19:06:24,16,9983,0,9999
2023-11-30T19:22:31,16,9983,0,9999
2023-11-30T19:38:37,16,9983,0,9999
2023-11-30T19:54:54,16,9983,0,9999
2023-11-30T20:11:00,16,9983,0,9999
2023-11-30T20:27:06,16,9983,0,9999
2023-11-30T20:43:12,16,9983,0,9999
2023-11-30T20:59:18,16,9983,0,9999
2023-11-30T21:15:25,16,9983,0,9999
2023-11-30T21:31:41,16,9983,0,9999
2023-11-30T21:47:47,16,9983,0,9999
2023-11-30T22:03:53,16,9983,0,9999
2023-11-30T22:19:59,16,9983,0,9999
2023-11-30T22:36:15,16,9983,0,9999
2023-11-30T22:52:22,16,9983,0,9999
2023-11-30T23:08:30,16,9983,0,9999
2023-11-30T23:24:37,16,9983,0,9999
2023-11-30T23:40:44,16,9983,0,9999
2023-11-30T23:57:01,16,9983,0,9999
2023-12-01T00:13:12,16,9983,0,9999
2023-12-01T00:29:24,16,9983,0,9999
2023-12-01T00:45:37,16,9983,0,9999
2023-12-01T01:01:48,16,9983,0,9999
2023-12-01T01:17:59,16,9983,0,9999
2023-12-01T01:35:21,16,9983,0,9999
2023-12-01T01:51:40,16,9983,0,9999
2023-12-01T02:07:51,16,9983,0,9999
2023-12-01T02:24:01,16,9983,0,9999
2023-12-01T02:40:11,16,9983,0,9999
2023-12-01T02:56:20,16,9983,0,9999
2023-12-01T03:12:42,16,9983,0,9999
2023-12-01T03:28:53,16,9983,0,9999
2023-12-01T03:45:04,16,9983,0,9999
2023-12-01T04:01:15,16,9983,0,9999
2023-12-01T04:33:00,16,9983,0,9999
2023-12-01T04:49:14,16,9983,0,9999
2023-12-01T05:05:28,16,9983,0,9999
2023-12-01T05:21:40,16,9983,0,9999
2023-12-01T05:37:52,16,9983,0,9999
2023-12-01T05:54:04,16,9983,0,9999
2023-12-01T06:10:17,16,9983,0,9999
2023-12-01T06:26:30,16,9983,0,9999
2023-12-01T06:42:42,16,9983,0,9999
2023-12-01T06:58:52,16,9983,0,9999
2023-12-01T07:15:03,16,9983,0,9999
2023-12-01T07:31:13,16,9983,0,9999
2023-12-01T07:47:24,16,9983,0,9999
2023-12-01T08:03:33,16,9983,0,9999
2023-12-01T08:19:41,16,9983,0,9999
2023-12-01T08:35:54,16,9983,0,9999
2023-12-01T08:52:10,16,9983,0,9999
2023-12-01T09:08:16,16,9983,0,9999
2023-12-01T09:24:23,16,9983,0,9999
2023-12-01T09:40:30,16,9983,0,9999
2023-12-01T09:56:37,16,9983,0,9999
2023-12-01T10:12:44,16,9983,0,9999
2023-12-01T10:28:50,16,9983,0,9999
2023-12-01T10:44:57,16,9983,0,9999
2023-12-01T11:01:14,16,9983,0,9999
2023-12-01T11:17:21,16,9983,0,9999
2023-12-01T11:33:28,16,9983,0,9999
2023-12-01T11:49:36,16,9983,0,9999
2023-12-01T12:05:43,16,9983,0,9999
2023-12-01T12:22:02,16,9983,0,9999
2023-12-01T12:38:09,16,9983,0,9999
2023-12-01T12:54:16,16,9983,0,9999
2023-12-01T13:10:23,16,9983,0,9999
2023-12-01T13:26:43,16,9983,0,9999
2023-12-01T13:42:51,16,9983,0,9999
2023-12-01T13:58:58,16,9983,0,9999
2023-12-01T14:15:06,16,9983,0,9999
2023-12-01T14:31:13,16,9983,0,9999
2023-12-01T14:47:21,16,9983,0,9999
2023-12-01T15:03:40,16,9983,0,9999
2023-12-01T15:19:48,16,9983,0,9999
2023-12-01T15:35:55,16,9983,0,9999
2023-12-01T15:52:03,16,9983,0,9999
2023-12-01T16:08:21,16,9983,0,9999
2023-12-01T16:24:28,16,9983,0,9999
2023-12-01T16:40:35,16,9983,0,9999
2023-12-01T16:56:42,16,9983,0,9999
2023-12-01T17:12:50,16,9983,0,9999
2023-12-01T17:28:58,16,9983,0,9999
2023-12-01T17:45:05,16,9983,0,9999
2023-12-01T18:01:22,16,9983,0,9999
2023-12-01T18:17:30,16,9983,0,9999
2023-12-01T18:33:38,16,9983,0,9999
2023-12-01T18:49:45,16,9983,0,9999
2023-12-01T19:06:04,16,9983,0,9999
2023-12-01T19:22:23,16,9983,0,9999
2023-12-01T19:38:41,16,9983,0,9999
2023-12-01T19:55:09,16,9983,0,9999
2023-12-01T20:11:56,16,9983,0,9999
2023-12-01T20:28:05,16,9983,0,9999
2023-12-01T20:44:21,16,9983,0,9999
2023-12-01T21:00:28,16,9983,0,9999
2023-12-01T21:16:35,16,9983,0,9999
2023-12-01T21:32:42,16,9983,0,9999
2023-12-01T21:48:50,16,9983,0,9999
2023-12-01T22:04:57,16,9983,0,9999
2023-12-01T22:21:04,16,9983,0,9999
2023-12-01T22:37:11,16,9983,0,9999
2023-12-01T22:53:18,16,9983,0,9999
2023-12-01T23:09:37,16,9983,0,9999
2023-12-01T23:25:44,16,9983,0,9999
2023-12-01T23:41:52,16,9983,0,9999
2023-12-01T23:58:01,16,9983,0,9999
2023-12-02T00:14:19,16,9983,0,9999
2023-12-02T00:30:31,16,9983,0,9999
2023-12-02T00:46:45,16,9983,0,9999
2023-12-02T01:02:58,16,9983,0,9999
2023-12-02T01:19:09,16,9983,0,9999
2023-12-02T01:35:22,16,9983,0,9999
2023-12-02T01:51:35,16,9983,0,9999
2023-12-02T02:07:51,16,9983,0,9999
2023-12-02T02:24:01,16,9983,0,9999
2023-12-02T02:40:10,16,9983,0,9999
2023-12-02T02:56:18,16,9983,0,9999
2023-12-02T03:12:39,16,9983,0,9999
2023-12-02T03:28:58,16,9983,0,9999
2023-12-02T03:45:10,16,9983,0,9999
2023-12-02T04:01:23,16,9983,0,9999
2023-12-02T04:26:20,16,9983,0,9999
2023-12-02T04:44:04,16,9983,0,9999
2023-12-02T05:00:17,16,9983,0,9999
2023-12-02T05:16:30,16,9983,0,9999
2023-12-02T05:32:41,16,9983,0,9999
2023-12-02T05:48:53,16,9983,0,9999
2023-12-02T06:05:05,16,9983,0,9999
2023-12-02T06:21:15,16,9983,0,9999
2023-12-02T06:37:26,16,9983,0,9999
2023-12-02T06:53:36,16,9983,0,9999
2023-12-02T07:09:48,16,9983,0,9999
2023-12-02T07:25:58,16,9983,0,9999
2023-12-02T07:42:07,16,9983,0,9999
2023-12-02T07:58:16,16,9983,0,9999
2023-12-02T08:14:44,16,9983,0,9999
2023-12-02T08:30:55,16,9983,0,9999
2023-12-02T08:47:06,16,9983,0,9999
2023-12-02T09:03:16,16,9983,0,9999
2023-12-02T09:19:24,16,9983,0,9999
2023-12-02T09:35:34,16,9983,0,9999
2023-12-02T09:51:46,16,9983,0,9999
2023-12-02T10:07:57,16,9983,0,9999
2023-12-02T10:24:08,16,9983,0,9999
2023-12-02T10:40:18,16,9983,0,9999
2023-12-02T10:56:37,16,9983,0,9999
2023-12-02T11:12:46,16,9983,0,9999
2023-12-02T11:28:56,16,9983,0,9999
2023-12-02T11:45:06,16,9983,0,9999
2023-12-02T12:01:15,16,9983,0,9999
2023-12-02T12:17:24,16,9983,0,9999
2023-12-02T12:33:34,16,9983,0,9999
2023-12-02T12:49:43,16,9983,0,9999
2023-12-02T13:06:37,16,9983,0,9999
2023-12-02T13:23:04,16,9983,0,9999
2023-12-02T13:39:13,16,9983,0,9999
2023-12-02T13:55:22,16,9983,0,9999
2023-12-02T14:11:28,16,9983,0,9999
2023-12-02T14:27:35,16,9983,0,9999
2023-12-02T14:43:42,16,9983,0,9999
2023-12-02T14:59:49,16,9983,0,9999
2023-12-02T15:15:56,16,9983,0,9999
2023-12-02T15:32:03,16,9983,0,9999
2023-12-02T15:48:21,16,9983,0,9999
2023-12-02T16:04:28,16,9983,0,9999
2023-12-02T16:20:34,16,9983,0,9999
2023-12-02T16:36:41,16,9983,0,9999
2023-12-02T16:52:48,16,9983,0,9999
2023-12-02T17:08:56,16,9983,0,9999
2023-12-02T17:25:03,16,9983,0,9999
2023-12-02T17:41:10,16,9983,0,9999
2023-12-02T17:57:38,16,9983,0,9999
2023-12-02T18:13:44,16,9983,0,9999
2023-12-02T18:29:51,16,9983,0,9999
2023-12-02T18:45:58,16,9983,0,9999
2023-12-02T19:02:04,16,9983,0,9999
2023-12-02T19:18:12,16,9983,0,9999
2023-12-02T19:34:20,16,9983,0,9999
2023-12-02T19:50:27,16,9983,0,9999
2023-12-02T20:06:34,16,9983,0,9999
2023-12-02T20:22:41,16,9983,0,9999
2023-12-02T20:38:48,16,9983,0,9999
2023-12-02T20:55:04,16,9983,0,9999
2023-12-02T21:11:11,16,9983,0,9999
2023-12-02T21:27:18,16,9983,0,9999
2023-12-02T21:43:26,16,9983,0,9999
2023-12-02T21:59:33,16,9983,0,9999
2023-12-02T22:15:40,16,9983,0,9999
2023-12-02T22:31:46,16,9983,0,9999
2023-12-02T22:47:54,16,9983,0,9999
2023-12-02T23:04:01,16,9983,0,9999
2023-12-02T23:20:09,16,9983,0,9999
2023-12-02T23:36:33,16,9983,0,9999
2023-12-02T23:52:40,16,9983,0,9999
2023-12-03T00:08:49,16,9983,0,9999
2023-12-03T00:25:04,16,9983,0,9999
2023-12-03T00:41:15,16,9983,0,9999
2023-12-03T00:57:25,16,9983,0,9999
2023-12-03T01:13:33,16,9983,0,9999
2023-12-03T01:29:41,16,9983,0,9999
2023-12-03T01:45:48,16,9983,0,9999
2023-12-03T02:01:56,16,9983,0,9999
2023-12-03T02:18:03,16,9983,0,9999
2023-12-03T02:34:22,16,9983,0,9999
2023-12-03T02:50:33,16,9983,0,9999
2023-12-03T03:06:44,16,9983,0,9999
2023-12-03T03:23:06,16,9983,0,9999
2023-12-03T03:39:21,16,9983,0,9999
2023-12-03T03:55:35,16,9983,0,9999
2023-12-03T04:21:09,16,9983,0,9999
2023-12-03T04:37:37,16,9983,0,9999
2023-12-03T04:55:03,16,9983,0,9999
2023-12-03T05:11:43,16,9983,0,9999
2023-12-03T05:28:00,16,9983,0,9999
2023-12-03T05:44:15,16,9983,0,9999
2023-12-03T06:00:28,16,9983,0,9999
2023-12-03T06:16:45,16,9983,0,9999
2023-12-03T06:32:58,16,9983,0,9999
2023-12-03T06:49:12,16,9983,0,9999
2023-12-03T07:05:23,16,9983,0,9999
2023-12-03T07:21:37,16,9983,0,9999
2023-12-03T07:37:49,16,9983,0,9999
2023-12-03T07:54:00,16,9983,0,9999
2023-12-03T08:10:16,16,9983,0,9999
2023-12-03T08:26:35,16,9983,0,9999
2023-12-03T08:42:46,16,9983,0,9999
2023-12-03T08:58:57,16,9983,0,9999
2023-12-03T09:15:08,16,9983,0,9999
2023-12-03T09:31:24,16,9983,0,9999
2023-12-03T09:47:36,16,9983,0,9999
2023-12-03T10:03:50,16,9983,0,9999
2023-12-03T10:20:03,16,9983,0,9999
2023-12-03T10:36:14,16,9983,0,9999
2023-12-03T10:52:25,16,9983,0,9999
2023-12-03T11:08:37,16,9983,0,9999
2023-12-03T11:24:45,16,9983,0,9999
2023-12-03T11:40:54,16,9983,0,9999
2023-12-03T11:57:01,16,9983,0,9999
2023-12-03T12:13:19,16,9983,0,9999
2023-12-03T12:29:26,16,9983,0,9999
2023-12-03T12:45:33,16,9983,0,9999
2023-12-03T13:01:40,16,9983,0,9999
2023-12-03T13:17:47,16,9983,0,9999
2023-12-03T13:33:55,16,9983,0,9999
2023-12-03T13:50:02,16,9983,0,9999
2023-12-03T14:06:10,16,9983,0,9999
2023-12-03T14:22:25,16,9983,0,9999
2023-12-03T14:38:32,16,9983,0,9999
2023-12-03T14:54:39,16,9983,0,9999
2023-12-03T15:10:47,16,9983,0,9999
2023-12-03T15:26:54,16,9983,0,9999
2023-12-03T15:43:02,16,9983,0,9999
2023-12-03T15:59:09,16,9983,0,9999
2023-12-03T16:15:17,16,9983,0,9999
2023-12-03T16:31:34,16,9983,0,9999
2023-12-03T16:47:42,16,9983,0,9999
2023-12-03T17:03:49,16,9983,0,9999
2023-12-03T17:19:57,16,9983,0,9999
2023-12-03T17:36:04,16,9983,0,9999
2023-12-03T17:52:11,16,9983,0,9999
2023-12-03T18:08:19,16,9983,0,9999
2023-12-03T18:24:26,16,9983,0,9999
2023-12-03T18:31:16,16,9983,0,9999
2023-12-03T18:47:24,16,9983,0,9999
2023-12-03T19:03:33,16,9983,0,9999
2023-12-03T19:19:42,16,9983,0,9999
2023-12-03T19:35:50,16,9983,0,9999
2023-12-03T19:51:57,16,9983,0,9999
2023-12-03T20:08:05,16,9983,0,9999
2023-12-03T20:24:11,16,9983,0,9999
2023-12-03T20:40:27,16,9983,0,9999
2023-12-03T20:56:35,16,9983,0,9999
2023-12-03T21:12:42,16,9983,0,9999
2023-12-03T21:28:50,16,9983,0,9999
2023-12-03T21:44:59,16,9983,0,9999
2023-12-03T22:01:08,16,9983,0,9999
2023-12-03T22:17:15,16,9983,0,9999
2023-12-03T22:33:23,16,9983,0,9999
2023-12-03T22:49:41,16,9983,0,9999
2023-12-03T23:05:48,16,9983,0,9999
2023-12-03T23:21:57,16,9983,0,9999
2023-12-03T23:38:05,16,9983,0,9999
2023-12-03T23:54:13,16,9983,0,9999
2023-12-04T00:10:24,16,9983,0,9999
2023-12-04T00:26:38,16,9983,0,9999
2023-12-04T00:42:53,16,9983,0,9999
2023-12-04T00:59:05,16,9983,0,9999
2023-12-04T01:15:16,16,9983,0,9999
2023-12-04T01:31:37,16,9983,0,9999
2023-12-04T01:47:49,16,9983,0,9999
2023-12-04T02:04:02,16,9983,0,9999
2023-12-04T02:20:24,16,9983,0,9999
2023-12-04T02:36:33,16,9983,0,9999
2023-12-04T02:52:43,16,9983,0,9999
2023-12-04T03:08:55,16,9983,0,9999
2023-12-04T03:25:07,16,9983,0,9999
2023-12-04T03:41:27,16,9983,0,9999
2023-12-04T03:57:39,16,9983,0,9999
2023-12-04T04:22:06,16,9983,0,9999
2023-12-04T04:39:29,16,9983,0,9999
2023-12-04T04:55:58,16,9983,0,9999
2023-12-04T05:12:16,16,9983,0,9999
2023-12-04T05:28:29,16,9983,0,9999
2023-12-04T05:44:43,16,9983,0,9999
2023-12-04T06:00:56,16,9983,0,9999
2023-12-04T06:17:08,16,9983,0,9999
2023-12-04T06:33:20,16,9983,0,9999
2023-12-04T06:49:31,16,9983,0,9999
2023-12-04T07:05:41,16,9983,0,9999
2023-12-04T07:21:51,16,9983,0,9999
2023-12-04T07:38:03,16,9983,0,9999
2023-12-04T07:54:13,16,9983,0,9999
2023-12-04T08:10:26,16,9983,0,9999
2023-12-04T08:26:41,16,9983,0,9999
2023-12-04T08:42:59,16,9983,0,9999
2023-12-04T08:59:06,16,9983,0,9999
2023-12-04T09:15:14,16,9983,0,9999
2023-12-04T09:31:22,16,9983,0,9999
2023-12-04T09:47:31,16,9983,0,9999
2023-12-04T10:03:39,16,9983,0,9999
2023-12-04T10:19:55,16,9983,0,9999
2023-12-04T10:36:04,16,9983,0,9999
2023-12-04T10:52:17,16,9983,0,9999
2023-12-04T11:08:26,16,9983,0,9999
2023-12-04T11:24:34,16,9983,0,9999
2023-12-04T11:40:52,16,9983,0,9999
2023-12-04T11:57:04,16,9983,0,9999
2023-12-04T12:13:15,16,9983,0,9999
2023-12-04T12:29:23,16,9983,0,9999
2023-12-04T12:45:45,16,9983,0,9999
2023-12-04T13:01:55,16,9983,0,9999
2023-12-04T13:18:06,16,9983,0,9999
2023-12-04T13:34:26,16,9983,0,9999
2023-12-04T13:50:40,16,9983,0,9999
2023-12-04T14:06:54,16,9983,0,9999
2023-12-04T14:23:18,16,9983,0,9999
2023-12-04T14:39:32,16,9983,0,9999
2023-12-04T14:55:44,16,9983,0,9999
2023-12-04T15:12:09,16,9983,0,9999
2023-12-04T15:28:23,16,9983,0,9999
2023-12-04T15:44:37,16,9983,0,9999
2023-12-04T16:01:05,16,9983,0,9999
2023-12-04T16:17:18,16,9983,0,9999
2023-12-04T16:33:31,16,9983,0,9999
2023-12-04T16:49:44,16,9983,0,9999
2023-12-04T17:06:07,16,9983,0,9999
2023-12-04T17:22:22,16,9983,0,9999
2023-12-04T17:38:36,16,9983,0,9999
2023-12-04T17:54:49,16,9983,0,9999
2023-12-04T18:11:13,16,9983,0,9999
2023-12-04T18:27:26,16,9983,0,9999
2023-12-04T18:43:38,16,9983,0,9999
2023-12-04T18:59:52,16,9983,0,9999
2023-12-04T19:16:16,16,9983,0,9999
2023-12-04T19:32:30,16,9983,0,9999
2023-12-04T19:48:43,16,9983,0,9999
2023-12-04T20:04:56,16,9983,0,9999
2023-12-04T20:21:10,16,9983,0,9999
2023-12-04T20:37:35,16,9983,0,9999
2023-12-04T20:53:50,16,9983,0,9999
2023-12-04T21:10:03,16,9983,0,9999
2023-12-04T21:26:16,16,9983,0,9999
2023-12-04T21:42:30,16,9983,0,9999
2023-12-04T21:58:54,16,9983,0,9999
2023-12-04T22:15:08,16,9983,0,9999
2023-12-04T22:31:21,16,9983,0,9999
2023-12-04T22:47:35,16,9983,0,9999
2023-12-04T23:03:49,16,9983,0,9999
2023-12-04T23:20:03,16,9983,0,9999
2023-12-04T23:36:17,16,9983,0,9999
2023-12-04T23:52:42,16,9983,0,9999
2023-12-05T00:08:59,16,9983,0,9999
2023-12-05T00:25:17,16,9983,0,9999
2023-12-05T00:41:36,16,9983,0,9999
2023-12-05T00:57:58,16,9983,0,9999
2023-12-05T01:14:17,16,9983,0,9999
2023-12-05T01:30:36,16,9983,0,9999
2023-12-05T01:46:53,16,9983,0,9999
2023-12-05T02:03:11,16,9983,0,9999
2023-12-05T02:19:38,16,9983,0,9999
2023-12-05T02:35:54,16,9983,0,9999
2023-12-05T02:52:11,16,9983,0,9999
2023-12-05T03:08:28,16,9983,0,9999
2023-12-05T03:24:45,16,9983,0,9999
2023-12-05T03:41:01,16,9983,0,9999
2023-12-05T03:57:18,16,9983,0,9999
2023-12-05T04:25:28,16,9983,0,9999
2023-12-05T04:43:39,16,9983,0,9999
2023-12-05T05:00:00,16,9983,0,9999
2023-12-05T05:16:20,16,9983,0,9999
2023-12-05T05:32:39,16,9983,0,9999
2023-12-05T05:48:58,16,9983,0,9999
2023-12-05T06:05:20,16,9983,0,9999
2023-12-05T06:21:38,16,9983,0,9999
2023-12-05T06:37:55,16,9983,0,9999
2023-12-05T06:54:12,16,9983,0,9999
2023-12-05T07:10:29,16,9983,0,9999
2023-12-05T07:26:54,16,9983,0,9999
2023-12-05T07:43:10,16,9983,0,9999
2023-12-05T07:59:24,16,9983,0,9999
2023-12-05T08:15:40,16,9983,0,9999
2023-12-05T08:31:59,16,9983,0,9999
2023-12-05T08:48:15,16,9983,0,9999
2023-12-05T09:04:31,16,9983,0,9999
2023-12-05T09:20:48,16,9983,0,9999
2023-12-05T09:37:05,16,9983,0,9999
2023-12-05T09:53:33,16,9983,0,9999
2023-12-05T10:09:48,16,9983,0,9999
2023-12-05T10:26:03,16,9983,0,9999
2023-12-05T10:42:19,16,9983,0,9999
2023-12-05T10:58:35,16,9983,0,9999
2023-12-05T11:15:00,16,9983,0,9999
2023-12-05T11:31:15,16,9983,0,9999
2023-12-05T11:47:28,16,9983,0,9999
2023-12-05T12:03:44,16,9983,0,9999
2023-12-05T12:20:09,16,9983,0,9999
2023-12-05T12:36:21,16,9983,0,9999
2023-12-05T12:52:35,16,9983,0,9999
2023-12-05T13:08:47,16,9983,0,9999
2023-12-05T13:25:10,16,9983,0,9999
2023-12-05T13:41:23,16,9983,0,9999
2023-12-05T13:57:36,16,9983,0,9999
2023-12-05T14:13:50,16,9983,0,9999
2023-12-05T14:30:14,16,9983,0,9999
2023-12-05T14:46:28,16,9983,0,9999
2023-12-05T15:02:42,16,9983,0,9999
2023-12-05T15:18:56,16,9983,0,9999
2023-12-05T15:35:21,16,9983,0,9999
2023-12-05T15:51:35,16,9983,0,9999
2023-12-05T16:07:50,16,9983,0,9999
2023-12-05T16:24:05,16,9983,0,9999
2023-12-05T16:40:20,16,9983,0,9999
2023-12-05T16:56:45,16,9983,0,9999
2023-12-05T17:13:01,16,9983,0,9999
2023-12-05T17:29:15,16,9983,0,9999
2023-12-05T17:45:31,16,9983,0,9999
2023-12-05T18:01:45,16,9983,0,9999
2023-12-05T18:18:01,16,9983,0,9999
2023-12-05T18:34:16,16,9983,0,9999
2023-12-05T18:50:42,16,9983,0,9999
2023-12-05T19:06:58,16,9983,0,9999
2023-12-05T19:23:13,16,9983,0,9999
2023-12-05T19:39:29,16,9983,0,9999
2023-12-05T19:55:44,16,9983,0,9999
2023-12-05T20:12:02,16,9983,0,9999
2023-12-05T20:28:28,16,9983,0,9999
2023-12-05T20:44:43,16,9983,0,9999
2023-12-05T21:00:58,16,9983,0,9999
2023-12-05T21:17:14,16,9983,0,9999
2023-12-05T21:33:30,16,9983,0,9999
2023-12-05T21:49:45,16,9983,0,9999
2023-12-05T22:06:00,16,9983,0,9999
2023-12-05T22:22:26,16,9983,0,9999
2023-12-05T22:38:41,16,9983,0,9999
2023-12-05T22:54:57,16,9983,0,9999
2023-12-05T23:11:13,16,9983,0,9999
2023-12-05T23:27:29,16,9983,0,9999
2023-12-05T23:43:45,16,9983,0,9999
2023-12-06T00:00:02,16,9983,0,9999
2023-12-06T00:16:23,16,9983,0,9999
2023-12-06T00:32:55,16,9983,0,9999
2023-12-06T00:49:15,16,9983,0,9999
2023-12-06T01:05:35,16,9983,0,9999
2023-12-06T01:21:55,16,9983,0,9999
2023-12-06T01:38:15,16,9983,0,9999
2023-12-06T01:54:35,16,9983,0,9999
2023-12-06T02:10:56,16,9983,0,9999
2023-12-06T02:27:15,16,9983,0,9999
2023-12-06T02:43:33,16,9983,0,9999
2023-12-06T02:59:50,16,9983,0,9999
2023-12-06T03:16:11,16,9983,0,9999
2023-12-06T03:32:51,16,9983,0,9999
2023-12-06T03:49:12,16,9983,0,9999
2023-12-06T04:05:33,16,9983,0,9999
2023-12-06T04:31:10,16,9983,0,9999
2023-12-06T04:47:32,16,9983,0,9999
2023-12-06T05:03:54,16,9983,0,9999
2023-12-06T05:21:52,16,9983,0,9999
2023-12-06T05:38:13,16,9983,0,9999
2023-12-06T05:54:35,16,9983,0,9999
2023-12-06T06:10:57,16,9983,0,9999
2023-12-06T06:27:17,16,9983,0,9999
2023-12-06T06:43:37,16,9983,0,9999
2023-12-06T06:59:57,16,9983,0,9999
2023-12-06T07:16:15,16,9983,0,9999
2023-12-06T07:32:33,16,9983,0,9999
2023-12-06T07:48:50,16,9983,0,9999
2023-12-06T08:05:06,16,9983,0,9999
2023-12-06T08:21:24,16,9983,0,9999
2023-12-06T08:37:45,16,9983,0,9999
2023-12-06T08:54:02,16,9983,0,9999
2023-12-06T09:10:16,16,9983,0,9999
2023-12-06T09:26:40,16,9983,0,9999
2023-12-06T09:42:54,16,9983,0,9999
2023-12-06T09:59:08,16,9983,0,9999
2023-12-06T10:15:23,16,9983,0,9999
2023-12-06T10:31:37,16,9983,0,9999
2023-12-06T10:47:52,16,9983,0,9999
2023-12-06T11:04:20,16,9983,0,9999
2023-12-06T11:20:34,16,9983,0,9999
2023-12-06T11:36:49,16,9983,0,9999
2023-12-06T11:53:13,16,9983,0,9999
2023-12-06T12:09:32,16,9983,0,9999
2023-12-06T12:25:46,16,9983,0,9999
2023-12-06T12:42:12,16,9983,0,9999
2023-12-06T12:58:26,16,9983,0,9999
2023-12-06T13:14:40,16,9983,0,9999
2023-12-06T13:30:55,16,9983,0,9999
2023-12-06T13:47:20,16,9983,0,9999
2023-12-06T14:03:35,16,9983,0,9999
2023-12-06T14:19:51,16,9983,0,9999
2023-12-06T14:36:06,16,9983,0,9999
2023-12-06T14:52:32,16,9983,0,9999
2023-12-06T15:08:53,16,9983,0,9999
2023-12-06T15:25:08,16,9983,0,9999
2023-12-06T15:41:34,16,9983,0,9999
2023-12-06T15:57:49,16,9983,0,9999
2023-12-06T16:14:05,16,9983,0,9999
2023-12-06T16:30:20,16,9983,0,9999
2023-12-06T16:46:36,16,9983,0,9999
2023-12-06T17:03:02,16,9983,0,9999
2023-12-06T17:19:19,16,9983,0,9999
2023-12-06T17:35:34,16,9983,0,9999
2023-12-06T17:51:50,16,9983,0,9999
2023-12-06T18:11:32,16,9983,0,9999
2023-12-06T18:27:48,16,9983,0,9999
2023-12-06T18:44:04,16,9983,0,9999
2023-12-06T19:00:20,16,9983,0,9999
2023-12-06T19:16:36,16,9983,0,9999
2023-12-06T19:32:52,16,9983,0,9999
2023-12-06T19:49:18,16,9983,0,9999
2023-12-06T20:05:34,16,9983,0,9999
2023-12-06T20:21:52,16,9983,0,9999
2023-12-06T20:38:08,16,9983,0,9999
2023-12-06T20:54:24,16,9983,0,9999
2023-12-06T21:10:40,16,9983,0,9999
2023-12-06T21:26:56,16,9983,0,9999
2023-12-06T21:43:12,16,9983,0,9999
2023-12-06T21:59:38,16,9983,0,9999
2023-12-06T22:15:54,16,9983,0,9999
2023-12-06T22:32:12,16,9983,0,9999
2023-12-06T22:48:28,16,9983,0,9999
2023-12-06T23:04:44,16,9983,0,9999
2023-12-06T23:21:01,16,9983,0,9999
2023-12-06T23:37:18,16,9983,0,9999
2023-12-06T23:53:46,16,9983,0,9999
2023-12-07T00:10:03,16,9983,0,9999
2023-12-07T00:26:29,16,9983,0,9999
2023-12-07T00:42:48,16,9983,0,9999
2023-12-07T00:59:07,16,9983,0,9999
2023-12-07T01:15:26,16,9983,0,9999
2023-12-07T01:31:46,16,9983,0,9999
2023-12-07T01:48:06,16,9983,0,9999
2023-12-07T02:04:27,16,9983,0,9999
2023-12-07T02:20:45,16,9983,0,9999
2023-12-07T02:37:24,16,9983,0,9999
2023-12-07T02:53:42,16,9983,0,9999
2023-12-07T03:10:02,16,9983,0,9999
2023-12-07T03:26:21,16,9983,0,9999
2023-12-07T03:42:39,16,9983,0,9999
2023-12-07T03:58:57,16,9983,0,9999
2023-12-07T04:29:56,16,9983,0,9999
2023-12-07T04:46:52,16,9983,0,9999
2023-12-07T05:03:16,16,9983,0,9999
2023-12-07T05:19:47,16,9983,0,9999
2023-12-07T05:36:07,16,9983,0,9999
2023-12-07T05:52:36,16,9983,0,9999
2023-12-07T06:09:08,16,9983,0,9999
2023-12-07T06:25:27,16,9983,0,9999
2023-12-07T06:41:46,16,9983,0,9999
2023-12-07T06:58:05,16,9983,0,9999
2023-12-07T07:14:23,16,9983,0,9999
2023-12-07T07:30:52,16,9983,0,9999
2023-12-07T07:47:09,16,9983,0,9999
2023-12-07T08:03:26,16,9983,0,9999
2023-12-07T08:19:46,16,9983,0,9999
2023-12-07T08:36:14,16,9983,0,9999
2023-12-07T08:52:31,16,9983,0,9999
2023-12-07T09:08:48,16,9983,0,9999
2023-12-07T09:25:05,16,9983,0,9999
2023-12-07T09:41:31,16,9983,0,9999
2023-12-07T09:57:47,16,9983,0,9999
2023-12-07T10:14:06,16,9983,0,9999
2023-12-07T10:30:31,16,9983,0,9999
2023-12-07T10:46:47,16,9983,0,9999
2023-12-07T11:03:03,16,9983,0,9999
2023-12-07T11:19:29,16,9983,0,9999
2023-12-07T11:35:45,16,9983,0,9999
2023-12-07T11:52:01,16,9983,0,9999
2023-12-07T12:08:26,16,9983,0,9999
2023-12-07T12:24:41,16,9983,0,9999
2023-12-07T12:41:09,16,9983,0,9999
2023-12-07T12:57:24,16,9983,0,9999
2023-12-07T13:13:40,16,9983,0,9999
2023-12-07T13:29:56,16,9983,0,9999
2023-12-07T13:46:12,16,9983,0,9999
2023-12-07T14:02:38,16,9983,0,9999
2023-12-07T14:18:54,16,9983,0,9999
2023-12-07T14:35:09,16,9983,0,9999
2023-12-07T14:51:25,16,9983,0,9999
2023-12-07T15:07:55,16,9983,0,9999
2023-12-07T15:24:12,16,9983,0,9999
2023-12-07T15:40:29,16,9983,0,9999
2023-12-07T15:56:46,16,9983,0,9999
2023-12-07T16:13:14,16,9983,0,9999
2023-12-07T16:29:30,16,9983,0,9999
2023-12-07T16:45:47,16,9983,0,9999
2023-12-07T17:02:03,16,9983,0,9999
2023-12-07T17:18:31,16,9983,0,9999
2023-12-07T17:34:48,16,9983,0,9999
2023-12-07T17:51:06,16,9983,0,9999
2023-12-07T18:07:22,16,9983,0,9999
2023-12-07T18:23:39,16,9983,0,9999
2023-12-07T18:40:05,16,9983,0,9999
2023-12-07T18:56:22,16,9983,0,9999
2023-12-07T19:12:40,16,9983,0,9999
2023-12-07T19:28:56,16,9983,0,9999
2023-12-07T19:45:13,16,9983,0,9999
2023-12-07T20:01:29,16,9983,0,9999
2023-12-07T20:17:46,16,9983,0,9999
2023-12-07T20:34:13,16,9983,0,9999
2023-12-07T20:50:32,16,9983,0,9999
2023-12-07T21:06:49,16,9983,0,9999
2023-12-07T21:23:06,16,9983,0,9999
2023-12-07T21:39:24,16,9983,0,9999
2023-12-07T21:55:41,16,9983,0,9999
2023-12-07T22:11:57,16,9983,0,9999
2023-12-07T22:28:15,16,9983,0,9999
2023-12-07T22:44:43,16,9983,0,9999
2023-12-07T23:01:00,16,9983,0,9999
2023-12-07T23:17:18,16,9983,0,9999
2023-12-07T23:33:36,16,9983,0,9999
2023-12-07T23:49:53,16,9983,0,9999
2023-12-08T00:06:12,16,9983,0,9999
2023-12-08T00:22:40,16,9983,0,9999
2023-12-08T00:39:00,16,9983,0,9999
2023-12-08T00:55:30,16,9983,0,9999
2023-12-08T01:11:52,16,9983,0,9999
2023-12-08T01:28:14,16,9983,0,9999
2023-12-08T01:44:37,16,9983,0,9999
2023-12-08T02:01:00,16,9983,0,9999
2023-12-08T02:17:22,16,9983,0,9999
2023-12-08T02:33:42,16,9983,0,9999
2023-12-08T02:50:01,16,9983,0,9999
2023-12-08T03:06:21,16,9983,0,9999
2023-12-08T03:22:54,16,9983,0,9999
2023-12-08T03:39:21,16,9983,0,9999
2023-12-08T03:55:42,16,9983,0,9999
2023-12-08T04:22:29,16,9983,0,9999
2023-12-08T04:39:19,16,9983,0,9999
2023-12-08T04:55:43,16,9983,0,9999
2023-12-08T05:12:06,16,9983,0,9999
2023-12-08T05:28:26,16,9983,0,9999
2023-12-08T05:44:48,16,9983,0,9999
2023-12-08T06:01:09,16,9983,0,9999
2023-12-08T06:17:35,16,9983,0,9999
2023-12-08T06:33:56,16,9983,0,9999
2023-12-08T06:50:16,16,9983,0,9999
2023-12-08T07:06:38,16,9983,0,9999
2023-12-08T07:23:02,16,9983,0,9999
2023-12-08T07:39:24,16,9983,0,9999
2023-12-08T07:55:47,16,9983,0,9999
2023-12-08T08:12:07,16,9983,0,9999
2023-12-08T08:28:27,16,9983,0,9999
2023-12-08T08:45:10,16,9983,0,9999
2023-12-08T09:01:29,16,9983,0,9999
2023-12-08T09:17:47,16,9983,0,9999
2023-12-08T09:34:05,16,9983,0,9999
2023-12-08T09:50:22,16,9983,0,9999
2023-12-08T10:06:39,16,9983,0,9999
2023-12-08T10:22:56,16,9983,0,9999
2023-12-08T10:39:14,16,9983,0,9999
2023-12-08T10:55:32,16,9983,0,9999
2023-12-08T11:12:00,16,9983,0,9999
2023-12-08T11:28:18,16,9983,0,9999
2023-12-08T11:44:36,16,9983,0,9999
2023-12-08T12:00:54,16,9983,0,9999
2023-12-08T12:17:13,16,9983,0,9999
2023-12-08T12:33:43,16,9983,0,9999
2023-12-08T12:50:01,16,9983,0,9999
2023-12-08T13:06:19,16,9983,0,9999
2023-12-08T13:22:38,16,9983,0,9999
2023-12-08T13:38:56,16,9983,0,9999
2023-12-08T13:55:25,16,9983,0,9999
2023-12-08T14:11:42,16,9983,0,9999
2023-12-08T14:28:00,16,9983,0,9999
2023-12-08T14:44:18,16,9983,0,9999
2023-12-08T15:00:35,16,9983,0,9999
2023-12-08T15:17:05,16,9983,0,9999
2023-12-08T15:33:22,16,9983,0,9999
2023-12-08T15:49:39,16,9983,0,9999
2023-12-08T16:05:58,16,9983,0,9999
2023-12-08T16:22:17,16,9983,0,9999
2023-12-08T16:38:36,16,9983,0,9999
2023-12-08T16:55:05,16,9983,0,9999
2023-12-08T17:11:24,16,9983,0,9999
2023-12-08T17:27:42,16,9983,0,9999
2023-12-08T17:44:01,16,9983,0,9999
2023-12-08T18:00:20,16,9983,0,9999
2023-12-08T18:16:48,16,9983,0,9999
2023-12-08T18:33:07,16,9983,0,9999
2023-12-08T18:49:25,16,9983,0,9999
2023-12-08T19:05:44,16,9983,0,9999
2023-12-08T19:22:03,16,9983,0,9999
2023-12-08T19:38:23,16,9983,0,9999
2023-12-08T19:54:53,16,9983,0,9999
2023-12-08T20:11:12,16,9983,0,9999
2023-12-08T20:27:32,16,9983,0,9999
2023-12-08T20:43:51,16,9983,0,9999
2023-12-08T21:00:10,16,9983,0,9999
2023-12-08T21:16:30,16,9983,0,9999
2023-12-08T21:33:00,16,9983,0,9999
2023-12-08T21:49:18,16,9983,0,9999
2023-12-08T22:05:36,16,9983,0,9999
2023-12-08T22:21:54,16,9983,0,9999
2023-12-08T22:38:12,16,9983,0,9999
2023-12-08T22:54:38,16,9983,0,9999
2023-12-08T23:10:58,16,9983,0,9999
2023-12-08T23:27:17,16,9983,0,9999
2023-12-08T23:43:47,16,9983,0,9999
2023-12-09T00:00:07,16,9983,0,9999
2023-12-09T00:16:31,16,9983,0,9999
2023-12-09T00:32:54,16,9983,0,9999
2023-12-09T00:49:18,16,9983,0,9999
2023-12-09T01:05:42,16,9983,0,9999
2023-12-09T01:22:05,16,9983,0,9999
2023-12-09T01:38:27,16,9983,0,9999
2023-12-09T01:54:51,16,9983,0,9999
2023-12-09T02:11:12,16,9983,0,9999
2023-12-09T02:27:34,16,9983,0,9999
2023-12-09T02:43:55,16,9983,0,9999
2023-12-09T03:00:24,16,9983,0,9999
2023-12-09T03:16:46,16,9983,0,9999
2023-12-09T03:33:07,16,9983,0,9999
2023-12-09T03:49:28,16,9983,0,9999
2023-12-09T04:05:53,16,9983,0,9999
2023-12-09T04:19:58,16,9983,0,9999
2023-12-09T04:36:23,16,9983,0,9999
2023-12-09T04:54:38,16,9983,0,9999
2023-12-09T05:11:02,16,9983,0,9999
2023-12-09T05:27:27,16,9983,0,9999
2023-12-09T05:43:50,16,9983,0,9999
2023-12-09T06:00:18,16,9983,0,9999
2023-12-09T06:16:42,16,9983,0,9999
2023-12-09T06:33:04,16,9983,0,9999
2023-12-09T06:49:26,16,9983,0,9999
2023-12-09T07:05:48,16,9983,0,9999
2023-12-09T07:22:10,16,9983,0,9999
2023-12-09T07:38:40,16,9983,0,9999
2023-12-09T07:55:01,16,9983,0,9999
2023-12-09T08:11:23,16,9983,0,9999
2023-12-09T08:27:46,16,9983,0,9999
2023-12-09T08:44:09,16,9983,0,9999
2023-12-09T09:00:32,16,9983,0,9999
2023-12-09T09:16:55,16,9983,0,9999
2023-12-09T09:33:17,16,9983,0,9999
2023-12-09T09:49:39,16,9983,0,9999
2023-12-09T10:06:01,16,9983,0,9999
2023-12-09T10:22:22,16,9983,0,9999
2023-12-09T10:38:53,16,9983,0,9999
2023-12-09T10:55:13,16,9983,0,9999
2023-12-09T11:11:34,16,9983,0,9999
2023-12-09T11:27:55,16,9983,0,9999
2023-12-09T11:44:14,16,9983,0,9999
2023-12-09T12:00:33,16,9983,0,9999
2023-12-09T12:16:53,16,9983,0,9999
2023-12-09T12:33:21,16,9983,0,9999
2023-12-09T12:49:39,16,9983,0,9999
2023-12-09T13:05:59,16,9983,0,9999
2023-12-09T13:22:18,16,9983,0,9999
2023-12-09T13:38:37,16,9983,0,9999
2023-12-09T13:54:56,16,9983,0,9999
2023-12-09T14:11:14,16,9983,0,9999
2023-12-09T14:27:33,16,9983,0,9999
2023-12-09T14:43:51,16,9983,0,9999
2023-12-09T15:00:21,16,9983,0,9999
2023-12-09T15:16:39,16,9983,0,9999
2023-12-09T15:32:58,16,9983,0,9999
2023-12-09T15:49:17,16,9983,0,9999
2023-12-09T16:05:36,16,9983,0,9999
2023-12-09T16:21:54,16,9983,0,9999
2023-12-09T16:38:13,16,9983,0,9999
2023-12-09T16:54:40,16,9983,0,9999
2023-12-09T17:11:00,16,9983,0,9999
2023-12-09T17:27:19,16,9983,0,9999
2023-12-09T17:43:38,16,9983,0,9999
2023-12-09T17:59:56,16,9983,0,9999
2023-12-09T18:16:15,16,9983,0,9999
2023-12-09T18:32:33,16,9983,0,9999
2023-12-09T18:49:00,16,9983,0,9999
2023-12-09T19:05:20,16,9983,0,9999
2023-12-09T19:21:39,16,9983,0,9999
2023-12-09T19:37:57,16,9983,0,9999
2023-12-09T19:54:16,16,9983,0,9999
2023-12-09T20:10:35,16,9983,0,9999
2023-12-09T20:26:53,16,9983,0,9999
2023-12-09T20:43:12,16,9983,0,9999
2023-12-09T20:59:31,16,9983,0,9999
2023-12-09T21:15:59,16,9983,0,9999
2023-12-09T21:32:17,16,9983,0,9999
2023-12-09T21:48:36,16,9983,0,9999
2023-12-09T22:04:55,16,9983,0,9999
2023-12-09T22:21:14,16,9983,0,9999
2023-12-09T22:37:32,16,9983,0,9999
2023-12-09T22:53:51,16,9983,0,9999
2023-12-09T23:10:11,16,9983,0,9999
2023-12-09T23:26:30,16,9983,0,9999
2023-12-09T23:42:49,16,9983,0,9999
2023-12-09T23:59:08,16,9983,0,9999
2023-12-10T00:15:41,16,9983,0,9999
2023-12-10T00:32:04,16,9983,0,9999
2023-12-10T00:48:26,16,9983,0,9999
2023-12-10T01:04:46,16,9983,0,9999
2023-12-10T01:21:06,16,9983,0,9999
2023-12-10T01:37:26,16,9983,0,9999
2023-12-10T01:53:45,16,9983,0,9999
2023-12-10T02:10:04,16,9983,0,9999
2023-12-10T02:26:23,16,9983,0,9999
2023-12-10T02:42:47,16,9983,0,9999
2023-12-10T02:59:11,16,9983,0,9999
2023-12-10T03:15:31,16,9983,0,9999
2023-12-10T03:32:08,16,9983,0,9999
2023-12-10T03:48:42,16,9983,0,9999
2023-12-10T04:05:06,16,9983,0,9999
2023-12-10T04:25:24,16,9983,0,9999
2023-12-10T04:42:25,16,9983,0,9999
2023-12-10T04:58:53,16,9983,0,9999
2023-12-10T05:15:35,16,9983,0,9999
2023-12-10T05:32:04,16,9983,0,9999
2023-12-10T05:48:30,16,9983,0,9999
2023-12-10T06:04:55,16,9983,0,9999
2023-12-10T06:21:18,16,9983,0,9999
2023-12-10T06:37:43,16,9983,0,9999
2023-12-10T06:54:06,16,9983,0,9999
2023-12-10T07:10:30,16,9983,0,9999
2023-12-10T07:26:53,16,9983,0,9999
2023-12-10T07:43:17,16,9983,0,9999
2023-12-10T07:59:43,16,9983,0,9999
2023-12-10T08:16:05,16,9983,0,9999
2023-12-10T08:32:28,16,9983,0,9999
2023-12-10T08:48:50,16,9983,0,9999
2023-12-10T09:05:12,16,9983,0,9999
2023-12-10T09:21:38,16,9983,0,9999
2023-12-10T09:38:03,16,9983,0,9999
2023-12-10T09:54:26,16,9983,0,9999
2023-12-10T10:10:52,16,9983,0,9999
2023-12-10T10:27:14,16,9983,0,9999
2023-12-10T10:43:44,16,9983,0,9999
2023-12-10T11:00:04,16,9983,0,9999
2023-12-10T11:16:24,16,9983,0,9999
2023-12-10T11:32:43,16,9983,0,9999
2023-12-10T11:49:02,16,9983,0,9999
2023-12-10T12:05:21,16,9983,0,9999
2023-12-10T12:21:39,16,9983,0,9999
2023-12-10T12:37:58,16,9983,0,9999
2023-12-10T12:54:17,16,9983,0,9999
2023-12-10T13:10:45,16,9983,0,9999
2023-12-10T13:27:03,16,9983,0,9999
2023-12-10T13:43:21,16,9983,0,9999
2023-12-10T13:59:40,16,9983,0,9999
2023-12-10T14:15:58,16,9983,0,9999
2023-12-10T14:32:16,16,9983,0,9999
2023-12-10T14:48:34,16,9983,0,9999
2023-12-10T15:04:54,16,9983,0,9999
2023-12-10T15:21:21,16,9983,0,9999
2023-12-10T15:37:39,16,9983,0,9999
2023-12-10T15:53:57,16,9983,0,9999
2023-12-10T16:10:16,16,9983,0,9999
2023-12-10T16:26:35,16,9983,0,9999
2023-12-10T16:42:55,16,9983,0,9999
2023-12-10T16:59:22,16,9983,0,9999
2023-12-10T17:15:41,16,9983,0,9999
2023-12-10T17:32:00,16,9983,0,9999
2023-12-10T17:48:18,16,9983,0,9999
2023-12-10T18:04:37,16,9983,0,9999
2023-12-10T18:20:55,16,9983,0,9999
2023-12-10T18:37:14,16,9983,0,9999
2023-12-10T18:53:33,16,9983,0,9999
2023-12-10T19:09:54,16,9983,0,9999
2023-12-10T19:26:29,16,9983,0,9999
2023-12-10T19:42:47,16,9983,0,9999
2023-12-10T19:59:06,16,9983,0,9999
2023-12-10T20:15:24,16,9983,0,9999
2023-12-10T20:31:42,16,9983,0,9999
2023-12-10T20:48:01,16,9983,0,9999
2023-12-10T21:04:30,16,9983,0,9999
2023-12-10T21:20:48,17,9982,0,9999
2023-12-10T21:37:08,17,9982,0,9999
2023-12-10T21:53:28,17,9982,0,9999
2023-12-10T22:09:46,17,9982,0,9999
2023-12-10T22:26:04,17,9982,0,9999
2023-12-10T22:42:25,17,9982,0,9999
2023-12-10T22:58:43,17,9982,0,9999
2023-12-10T23:15:12,17,9982,0,9999
2023-12-10T23:31:33,17,9982,0,9999
2023-12-10T23:47:54,17,9982,0,9999
2023-12-11T00:04:14,17,9982,0,9999
2023-12-11T00:20:39,17,9982,0,9999
2023-12-11T00:37:08,17,9982,0,9999
2023-12-11T00:53:39,17,9982,0,9999
2023-12-11T01:10:03,17,9982,0,9999
2023-12-11T01:26:46,17,9982,0,9999
2023-12-11T01:43:10,17,9982,0,9999
2023-12-11T01:59:52,17,9982,0,9999
2023-12-11T02:16:42,17,9982,0,9999
2023-12-11T02:33:05,17,9982,0,9999
2023-12-11T02:49:27,17,9982,0,9999
2023-12-11T03:05:50,17,9982,0,9999
2023-12-11T03:22:23,17,9982,0,9999
2023-12-11T03:38:46,17,9982,0,9999
2023-12-11T03:55:08,17,9982,0,9999
2023-12-11T04:24:38,17,9982,0,9999
2023-12-11T04:41:26,17,9982,0,9999
2023-12-11T04:57:53,17,9982,0,9999
2023-12-11T05:14:24,17,9982,0,9999
2023-12-11T05:30:46,17,9982,0,9999
2023-12-11T05:47:11,17,9982,0,9999
2023-12-11T06:03:34,17,9982,0,9999
2023-12-11T06:20:00,17,9982,0,9999
2023-12-11T06:36:22,17,9982,0,9999
2023-12-11T06:52:44,17,9982,0,9999
2023-12-11T07:09:15,17,9982,0,9999
2023-12-11T07:25:34,17,9982,0,9999
2023-12-11T07:41:53,17,9982,0,9999
2023-12-11T07:58:13,17,9982,0,9999
2023-12-11T08:14:32,17,9982,0,9999
2023-12-11T08:30:52,17,9982,0,9999
2023-12-11T08:47:21,17,9982,0,9999
2023-12-11T09:03:39,17,9982,0,9999
2023-12-11T09:19:57,17,9982,0,9999
2023-12-11T09:36:16,17,9982,0,9999
2023-12-11T09:52:45,17,9982,0,9999
2023-12-11T10:09:06,17,9982,0,9999
2023-12-11T10:25:28,17,9982,0,9999
2023-12-11T10:41:49,17,9982,0,9999
2023-12-11T10:58:20,17,9982,0,9999
2023-12-11T11:14:42,17,9982,0,9999
2023-12-11T11:31:04,17,9982,0,9999
2023-12-11T11:47:36,17,9982,0,9999
2023-12-11T12:03:57,17,9982,0,9999
2023-12-11T12:20:18,17,9982,0,9999
2023-12-11T12:36:50,17,9982,0,9999
2023-12-11T12:53:10,17,9982,0,9999
2023-12-11T13:09:30,17,9982,0,9999
2023-12-11T13:26:00,17,9982,0,9999
2023-12-11T13:42:19,17,9982,0,9999
2023-12-11T13:58:39,17,9982,0,9999
2023-12-11T14:14:58,17,9982,0,9999
2023-12-11T14:31:30,17,9982,0,9999
2023-12-11T14:47:51,17,9982,0,9999
2023-12-11T15:04:11,17,9982,0,9999
2023-12-11T15:20:40,17,9982,0,9999
2023-12-11T15:37:00,17,9982,0,9999
2023-12-11T15:53:20,17,9982,0,9999
2023-12-11T16:09:41,17,9982,0,9999
2023-12-11T16:26:11,17,9982,0,9999
2023-12-11T16:42:30,17,9982,0,9999
2023-12-11T16:58:50,17,9982,0,9999
2023-12-11T17:15:12,17,9982,0,9999
2023-12-11T17:31:41,17,9982,0,9999
2023-12-11T17:48:02,17,9982,0,9999
2023-12-11T18:04:23,17,9982,0,9999
2023-12-11T18:20:42,17,9982,0,9999
2023-12-11T18:37:11,17,9982,0,9999
2023-12-11T18:53:32,17,9982,0,9999
2023-12-11T19:09:52,17,9982,0,9999
2023-12-11T19:26:13,17,9982,0,9999
2023-12-11T19:42:32,17,9982,0,9999
2023-12-11T19:58:51,17,9982,0,9999
2023-12-11T20:15:20,17,9982,0,9999
2023-12-11T20:31:39,17,9982,0,9999
2023-12-11T20:47:57,17,9982,0,9999
2023-12-11T21:04:17,17,9982,0,9999
2023-12-11T21:20:36,17,9982,0,9999
2023-12-11T21:36:55,17,9982,0,9999
2023-12-11T21:53:27,17,9982,0,9999
2023-12-11T22:09:45,17,9982,0,9999
2023-12-11T22:26:04,17,9982,0,9999
2023-12-11T22:42:24,17,9982,0,9999
2023-12-11T22:58:55,17,9982,0,9999
2023-12-11T23:15:15,17,9982,0,9999
2023-12-11T23:31:35,17,9982,0,9999
2023-12-11T23:47:55,17,9982,0,9999
2023-12-12T00:04:17,17,9982,0,9999
2023-12-12T00:20:40,17,9982,0,9999
2023-12-12T00:37:10,17,9982,0,9999
2023-12-12T00:53:37,17,9982,0,9999
2023-12-12T01:10:14,17,9982,0,9999
2023-12-12T01:26:39,17,9982,0,9999
2023-12-12T01:43:03,17,9982,0,9999
2023-12-12T01:59:26,17,9982,0,9999
2023-12-12T02:16:00,17,9982,0,9999
2023-12-12T02:32:22,17,9982,0,9999
2023-12-12T02:48:43,17,9982,0,9999
2023-12-12T03:05:05,17,9982,0,9999
2023-12-12T03:21:40,17,9982,0,9999
2023-12-12T03:38:02,17,9982,0,9999
2023-12-12T03:54:25,17,9982,0,9999
2023-12-12T04:19:10,17,9982,0,9999
2023-12-12T04:35:37,17,9982,0,9999
2023-12-12T04:53:40,17,9982,0,9999
2023-12-12T05:10:05,17,9982,0,9999
2023-12-12T05:26:29,17,9982,0,9999
2023-12-12T05:42:54,17,9982,0,9999
2023-12-12T05:59:26,17,9982,0,9999
2023-12-12T06:15:49,17,9982,0,9999
2023-12-12T06:32:11,17,9982,0,9999
2023-12-12T06:48:34,17,9982,0,9999
2023-12-12T07:05:04,17,9982,0,9999
2023-12-12T07:21:26,17,9982,0,9999
2023-12-12T07:37:48,17,9982,0,9999
2023-12-12T07:54:08,17,9982,0,9999
2023-12-12T08:10:39,17,9982,0,9999
2023-12-12T08:27:01,17,9982,0,9999
2023-12-12T08:43:23,17,9982,0,9999
2023-12-12T08:59:45,17,9982,0,9999
2023-12-12T09:16:06,17,9982,0,9999
2023-12-12T09:32:28,17,9982,0,9999
2023-12-12T09:48:59,17,9982,0,9999
2023-12-12T10:05:19,17,9982,0,9999
2023-12-12T10:21:39,17,9982,0,9999
2023-12-12T10:37:59,17,9982,0,9999
2023-12-12T10:54:28,17,9982,0,9999
2023-12-12T11:10:48,17,9982,0,9999
2023-12-12T11:27:18,17,9982,0,9999
2023-12-12T11:43:48,17,9982,0,9999
2023-12-12T12:00:08,17,9982,0,9999
2023-12-12T12:16:39,17,9982,0,9999
2023-12-12T12:32:59,17,9982,0,9999
2023-12-12T12:49:28,17,9982,0,9999
2023-12-12T13:05:49,17,9982,0,9999
2023-12-12T13:22:09,17,9982,0,9999
2023-12-12T13:38:39,17,9982,0,9999
2023-12-12T13:55:00,17,9982,0,9999
2023-12-12T14:11:22,17,9982,0,9999
2023-12-12T14:27:51,17,9982,0,9999
2023-12-12T14:44:21,17,9982,0,9999
2023-12-12T15:00:52,17,9982,0,9999
2023-12-12T15:17:22,17,9982,0,9999
2023-12-12T15:33:52,17,9982,0,9999
2023-12-12T15:50:21,17,9982,0,9999
2023-12-12T16:06:51,17,9982,0,9999
2023-12-12T16:23:20,17,9982,0,9999
2023-12-12T16:39:49,18,9981,0,9999
2023-12-12T16:56:19,18,9981,0,9999
2023-12-12T17:12:49,18,9981,0,9999
2023-12-12T17:29:19,18,9981,0,9999
2023-12-12T17:45:48,18,9981,0,9999
2023-12-12T18:02:08,18,9981,0,9999
2023-12-12T18:18:39,18,9981,0,9999
2023-12-12T18:35:08,18,9981,0,9999
2023-12-12T18:51:39,18,9981,0,9999
2023-12-12T19:08:10,18,9981,0,9999
2023-12-12T19:24:41,18,9981,0,9999
2023-12-12T19:41:11,18,9981,0,9999
2023-12-12T19:57:40,18,9981,0,9999
2023-12-12T20:14:10,18,9981,0,9999
2023-12-12T20:30:29,18,9981,0,9999
2023-12-12T20:46:59,18,9981,0,9999
2023-12-12T21:03:27,18,9981,0,9999
2023-12-12T21:19:47,18,9981,0,9999
2023-12-12T21:36:17,18,9981,0,9999
2023-12-12T21:52:48,18,9981,0,9999
2023-12-12T22:09:07,18,9981,0,9999
2023-12-12T22:25:37,18,9981,0,9999
2023-12-12T22:42:06,18,9981,0,9999
2023-12-12T22:58:26,18,9981,0,9999
2023-12-12T23:14:57,18,9981,0,9999
2023-12-12T23:31:16,19,9980,0,9999
2023-12-12T23:47:45,19,9980,0,9999
2023-12-13T00:04:07,19,9980,0,9999
2023-12-13T00:20:32,19,9980,0,9999
2023-12-13T00:36:56,19,9980,0,9999
2023-12-13T00:53:20,19,9980,0,9999
2023-12-13T01:09:57,19,9980,0,9999
2023-12-13T01:26:22,19,9980,0,9999
2023-12-13T01:42:47,19,9980,0,9999
2023-12-13T01:59:11,19,9980,0,9999
2023-12-13T02:15:36,19,9980,0,9999
2023-12-13T02:32:08,19,9980,0,9999
2023-12-13T02:48:31,19,9980,0,9999
2023-12-13T03:04:53,19,9980,0,9999
2023-12-13T03:21:18,19,9980,0,9999
2023-12-13T03:38:11,19,9980,0,9999
2023-12-13T03:54:36,19,9980,0,9999
2023-12-13T04:19:40,19,9980,0,9999
2023-12-13T04:36:27,19,9980,0,9999
2023-12-13T04:52:52,19,9980,0,9999
2023-12-13T05:09:17,19,9980,0,9999
2023-12-13T05:25:40,19,9980,0,9999
2023-12-13T05:42:04,19,9980,0,9999
2023-12-13T05:58:28,19,9980,0,9999
2023-12-13T06:15:01,19,9980,0,9999
2023-12-13T06:31:24,19,9980,0,9999
2023-12-13T06:47:55,19,9980,0,9999
2023-12-13T07:04:17,19,9980,0,9999
2023-12-13T07:20:39,19,9980,0,9999
2023-12-13T07:37:08,19,9980,0,9999
2023-12-13T07:53:30,19,9980,0,9999
2023-12-13T08:10:01,19,9980,0,9999
2023-12-13T08:26:23,19,9980,0,9999
2023-12-13T08:42:43,19,9980,0,9999
2023-12-13T08:59:16,19,9980,0,9999
2023-12-13T09:15:39,19,9980,0,9999
2023-12-13T09:31:58,19,9980,0,9999
2023-12-13T09:48:25,19,9980,0,9999
2023-12-13T10:04:44,19,9980,0,9999
2023-12-13T10:21:05,19,9980,0,9999
2023-12-13T10:37:28,19,9980,0,9999
2023-12-13T10:54:02,19,9980,0,9999
2023-12-13T11:10:26,19,9980,0,9999
2023-12-13T11:26:46,19,9980,0,9999
2023-12-13T11:43:06,19,9980,0,9999
2023-12-13T11:59:38,19,9980,0,9999
2023-12-13T12:16:04,19,9980,0,9999
2023-12-13T12:32:27,19,9980,0,9999
2023-12-13T12:48:57,19,9980,0,9999
2023-12-13T13:05:18,19,9980,0,9999
2023-12-13T13:21:39,19,9980,0,9999
2023-12-13T13:37:59,19,9980,0,9999
2023-12-13T13:54:32,19,9980,0,9999
2023-12-13T14:10:53,19,9980,0,9999
2023-12-13T14:27:14,19,9980,0,9999
2023-12-13T14:43:34,19,9980,0,9999
2023-12-13T14:59:54,19,9980,0,9999
2023-12-13T15:16:25,19,9980,0,9999
2023-12-13T15:32:46,19,9980,0,9999
2023-12-13T15:49:16,19,9980,0,9999
2023-12-13T16:05:36,19,9980,0,9999
2023-12-13T16:21:57,19,9980,0,9999
2023-12-13T16:38:17,19,9980,0,9999
2023-12-13T16:54:47,19,9980,0,9999
2023-12-13T17:11:07,19,9980,0,9999
2023-12-13T17:27:29,19,9980,0,9999
2023-12-13T17:43:49,19,9980,0,9999
2023-12-13T18:00:19,19,9980,0,9999
2023-12-13T18:16:39,19,9980,0,9999
2023-12-13T18:32:59,19,9980,0,9999
2023-12-13T18:49:18,19,9980,0,9999
2023-12-13T19:05:49,19,9980,0,9999
2023-12-13T19:22:10,19,9980,0,9999
2023-12-13T19:38:30,19,9980,0,9999
2023-12-13T19:55:00,19,9980,0,9999
2023-12-13T20:11:29,19,9980,0,9999
2023-12-13T20:28:08,19,9980,0,9999
2023-12-13T20:44:37,19,9980,0,9999
2023-12-13T21:01:08,19,9980,0,9999
2023-12-13T21:17:39,19,9980,0,9999
2023-12-13T21:34:07,19,9980,0,9999
2023-12-13T21:50:37,19,9980,0,9999
2023-12-13T22:07:07,19,9980,0,9999
2023-12-13T22:23:46,19,9980,0,9999
2023-12-13T22:40:16,19,9980,0,9999
2023-12-13T22:56:45,19,9980,0,9999
2023-12-13T23:13:17,19,9980,0,9999
2023-12-13T23:29:47,19,9980,0,9999
2023-12-13T23:46:18,19,9980,0,9999
2023-12-14T00:02:49,19,9980,0,9999
2023-12-14T00:19:23,19,9980,0,9999
2023-12-14T00:36:08,19,9980,0,9999
2023-12-14T00:52:43,19,9980,0,9999
2023-12-14T01:09:18,19,9980,0,9999
2023-12-14T01:25:52,19,9980,0,9999
2023-12-14T01:42:25,19,9980,0,9999
2023-12-14T01:59:01,19,9980,0,9999
2023-12-14T02:15:33,19,9980,0,9999
2023-12-14T02:31:55,19,9980,0,9999
2023-12-14T02:48:28,19,9980,0,9999
2023-12-14T03:05:01,19,9980,0,9999
2023-12-14T03:21:36,19,9980,0,9999
2023-12-14T03:38:09,19,9980,0,9999
2023-12-14T03:54:42,19,9980,0,9999
2023-12-14T04:22:36,19,9980,0,9999
2023-12-14T04:39:43,19,9980,0,9999
2023-12-14T04:56:21,19,9980,0,9999
2023-12-14T05:12:55,19,9980,0,9999
2023-12-14T05:29:38,19,9980,0,9999
2023-12-14T05:46:14,19,9980,0,9999
2023-12-14T06:02:56,19,9980,0,9999
2023-12-14T06:19:40,19,9980,0,9999
2023-12-14T06:36:10,19,9980,0,9999
2023-12-14T06:52:42,19,9980,0,9999
2023-12-14T07:09:13,19,9980,0,9999
2023-12-14T07:25:57,19,9980,0,9999
2023-12-14T07:42:26,19,9980,0,9999
2023-12-14T07:58:56,19,9980,0,9999
2023-12-14T08:15:31,19,9980,0,9999
2023-12-14T08:32:17,19,9980,0,9999
2023-12-14T08:48:47,19,9980,0,9999
2023-12-14T09:05:25,19,9980,0,9999
2023-12-14T09:22:03,19,9980,0,9999
2023-12-14T09:38:34,19,9980,0,9999
2023-12-14T09:55:21,19,9980,0,9999
2023-12-14T10:12:00,19,9980,0,9999
2023-12-14T10:28:29,19,9980,0,9999
2023-12-14T10:45:05,19,9980,0,9999
2023-12-14T11:01:45,19,9980,0,9999
2023-12-14T11:18:15,19,9980,0,9999
2023-12-14T11:34:46,19,9980,0,9999
2023-12-14T11:51:14,19,9980,0,9999
2023-12-14T12:07:45,19,9980,0,9999
2023-12-14T12:24:14,19,9980,0,9999
2023-12-14T12:41:10,19,9980,0,9999
2023-12-14T12:57:45,19,9980,0,9999
2023-12-14T13:14:18,19,9980,0,9999
2023-12-14T13:30:57,19,9980,0,9999
2023-12-14T13:47:26,19,9980,0,9999
2023-12-14T14:04:04,19,9980,0,9999
2023-12-14T14:20:59,19,9980,0,9999
2023-12-14T14:37:31,19,9980,0,9999
2023-12-14T14:54:02,19,9980,0,9999
2023-12-14T15:10:35,19,9980,0,9999
2023-12-14T15:27:06,20,9979,0,9999
2023-12-14T15:44:05,20,9979,0,9999
2023-12-14T16:00:36,20,9979,0,9999
2023-12-14T16:17:27,20,9979,0,9999
2023-12-14T16:33:59,20,9979,0,9999
2023-12-14T16:50:30,20,9979,0,9999
2023-12-14T17:07:10,20,9979,0,9999
2023-12-14T17:23:58,20,9979,0,9999
2023-12-14T17:40:30,20,9979,0,9999
2023-12-14T18:09:16,20,9979,0,9999
2023-12-14T18:26:14,20,9979,0,9999
2023-12-14T18:42:44,20,9979,0,9999
2023-12-14T18:59:14,20,9979,0,9999
2023-12-14T19:15:45,20,9979,0,9999
2023-12-14T19:32:22,20,9979,0,9999
2023-12-14T19:48:51,20,9979,0,9999
2023-12-14T20:05:24,20,9979,0,9999
2023-12-14T20:21:54,20,9979,0,9999
2023-12-14T20:38:23,20,9979,0,9999
2023-12-14T20:54:53,20,9979,0,9999
2023-12-14T21:11:22,20,9979,0,9999
2023-12-14T21:28:00,20,9979,0,9999
2023-12-14T21:44:32,20,9979,0,9999
2023-12-14T22:01:01,20,9979,0,9999
2023-12-14T22:17:30,20,9979,0,9999
2023-12-14T22:34:00,20,9979,0,9999
2023-12-14T22:50:29,20,9979,0,9999
2023-12-14T23:07:00,20,9979,0,9999
2023-12-14T23:23:37,20,9979,0,9999
2023-12-14T23:40:08,20,9979,0,9999
2023-12-14T23:56:39,20,9979,0,9999
2023-12-15T00:13:13,20,9979,0,9999
2023-12-15T00:29:48,20,9979,0,9999
2023-12-15T00:46:22,20,9979,0,9999
2023-12-15T01:02:58,20,9979,0,9999
2023-12-15T01:19:34,20,9979,0,9999
2023-12-15T01:36:19,20,9979,0,9999
2023-12-15T01:52:53,20,9979,0,9999
2023-12-15T02:09:29,20,9979,0,9999
2023-12-15T02:26:03,20,9979,0,9999
2023-12-15T02:42:36,20,9979,0,9999
2023-12-15T02:59:08,20,9979,0,9999
2023-12-15T03:15:43,20,9979,0,9999
2023-12-15T03:32:18,20,9979,0,9999
2023-12-15T03:48:59,20,9979,0,9999
2023-12-15T04:05:37,20,9979,0,9999
2023-12-15T04:32:38,20,9979,0,9999
2023-12-15T04:50:51,20,9979,0,9999
2023-12-15T05:07:26,20,9979,0,9999
2023-12-15T05:23:59,20,9979,0,9999
2023-12-15T05:40:30,20,9979,0,9999
2023-12-15T05:57:06,20,9979,0,9999
2023-12-15T06:13:41,20,9979,0,9999
2023-12-15T06:30:13,20,9979,0,9999
2023-12-15T06:46:45,20,9979,0,9999
2023-12-15T07:03:18,20,9979,0,9999
2023-12-15T07:19:49,20,9979,0,9999
2023-12-15T07:36:27,20,9979,0,9999
2023-12-15T07:52:57,20,9979,0,9999
2023-12-15T08:09:28,20,9979,0,9999
2023-12-15T08:25:58,20,9979,0,9999
2023-12-15T08:42:29,20,9979,0,9999
2023-12-15T08:59:02,20,9979,0,9999
2023-12-15T09:15:30,20,9979,0,9999
2023-12-15T09:32:01,20,9979,0,9999
2023-12-15T09:48:34,20,9979,0,9999
2023-12-15T10:05:03,20,9979,0,9999
2023-12-15T10:21:40,20,9979,0,9999
2023-12-15T10:38:09,20,9979,0,9999
2023-12-15T10:54:43,20,9979,0,9999
2023-12-15T11:11:14,20,9979,0,9999
2023-12-15T11:27:44,20,9979,0,9999
2023-12-15T11:44:17,20,9979,0,9999
2023-12-15T12:00:51,20,9979,0,9999
2023-12-15T12:17:34,20,9979,0,9999
2023-12-15T12:34:05,20,9979,0,9999
2023-12-15T12:50:38,20,9979,0,9999
2023-12-15T13:07:12,20,9979,0,9999
2023-12-15T13:23:48,20,9979,0,9999
2023-12-15T13:40:32,20,9979,0,9999
2023-12-15T13:57:04,20,9979,0,9999
2023-12-15T14:13:37,20,9979,0,9999
2023-12-15T14:30:10,20,9979,0,9999
2023-12-15T14:46:41,20,9979,0,9999
2023-12-15T15:03:16,20,9979,0,9999
2023-12-15T15:20:17,20,9979,0,9999
2023-12-15T15:37:07,20,9979,0,9999
2023-12-15T15:53:58,20,9979,0,9999
2023-12-15T16:10:47,20,9979,0,9999
2023-12-15T16:27:46,20,9979,0,9999
2023-12-15T16:44:36,20,9979,0,9999
2023-12-15T17:01:24,20,9979,0,9999
2023-12-15T17:18:27,20,9979,0,9999
2023-12-15T17:35:17,20,9979,0,9999
2023-12-15T17:52:08,20,9979,0,9999
2023-12-15T18:09:08,20,9979,0,9999
2023-12-15T18:25:59,20,9979,0,9999
2023-12-15T18:42:49,20,9979,0,9999
2023-12-15T18:59:39,20,9979,0,9999
2023-12-15T19:16:28,20,9979,0,9999
2023-12-15T19:33:27,20,9979,0,9999
2023-12-15T19:50:16,20,9979,0,9999
2023-12-15T20:07:09,20,9979,0,9999
2023-12-15T20:24:00,20,9979,0,9999
2023-12-15T20:40:50,20,9979,0,9999
2023-12-15T20:57:40,20,9979,0,9999
2023-12-15T21:14:30,20,9979,0,9999
2023-12-15T21:31:20,20,9979,0,9999
2023-12-15T21:48:19,20,9979,0,9999
2023-12-15T22:05:09,20,9979,0,9999
2023-12-15T22:21:58,20,9979,0,9999
2023-12-15T22:38:49,20,9979,0,9999
2023-12-15T22:55:38,20,9979,0,9999
2023-12-15T23:12:29,20,9979,0,9999
2023-12-15T23:29:33,20,9979,0,9999
2023-12-15T23:46:27,20,9979,0,9999
2023-12-16T00:03:19,20,9979,0,9999
2023-12-16T00:20:23,20,9979,0,9999
2023-12-16T00:37:19,20,9979,0,9999
2023-12-16T00:54:14,20,9979,0,9999
2023-12-16T01:11:12,20,9979,0,9999
2023-12-16T01:28:16,20,9979,0,9999
2023-12-16T01:45:13,20,9979,0,9999
2023-12-16T02:02:09,20,9979,0,9999
2023-12-16T02:19:03,20,9979,0,9999
2023-12-16T02:35:56,20,9979,0,9999
2023-12-16T02:52:48,20,9979,0,9999
2023-12-16T03:09:40,20,9979,0,9999
2023-12-16T03:26:35,20,9979,0,9999
2023-12-16T03:43:29,20,9979,0,9999
2023-12-16T04:00:22,20,9979,0,9999
2023-12-16T04:20:08,20,9979,0,9999
2023-12-16T04:36:55,20,9979,0,9999
2023-12-16T04:57:11,20,9979,0,9999
2023-12-16T05:13:57,20,9979,0,9999
2023-12-16T05:30:43,20,9979,0,9999
2023-12-16T05:47:35,20,9979,0,9999
2023-12-16T06:04:29,20,9979,0,9999
2023-12-16T06:21:23,20,9979,0,9999
2023-12-16T06:38:18,20,9979,0,9999
2023-12-16T06:55:02,20,9979,0,9999
2023-12-16T07:11:56,20,9979,0,9999
2023-12-16T07:28:48,20,9979,0,9999
2023-12-16T07:45:47,20,9979,0,9999
2023-12-16T08:02:38,20,9979,0,9999
2023-12-16T08:19:30,20,9979,0,9999
2023-12-16T08:36:14,20,9979,0,9999
2023-12-16T08:52:58,20,9979,0,9999
2023-12-16T09:09:43,20,9979,0,9999
2023-12-16T09:26:28,20,9979,0,9999
2023-12-16T09:43:11,20,9979,0,9999
2023-12-16T09:59:55,20,9979,0,9999
2023-12-16T10:16:39,20,9979,0,9999
2023-12-16T10:33:22,20,9979,0,9999
2023-12-16T10:50:05,20,9979,0,9999
2023-12-16T11:06:59,20,9979,0,9999
2023-12-16T11:23:41,20,9979,0,9999
2023-12-16T11:40:24,20,9979,0,9999
2023-12-16T11:57:07,20,9979,0,9999
2023-12-16T12:13:52,20,9979,0,9999
2023-12-16T12:30:32,20,9979,0,9999
2023-12-16T12:47:13,20,9979,0,9999
2023-12-16T13:04:03,20,9979,0,9999
2023-12-16T13:20:43,20,9979,0,9999
2023-12-16T13:37:25,20,9979,0,9999
2023-12-16T13:54:05,20,9979,0,9999
2023-12-16T14:10:45,20,9979,0,9999
2023-12-16T14:27:26,20,9979,0,9999
2023-12-16T14:44:07,20,9979,0,9999
2023-12-16T15:00:59,20,9979,0,9999
2023-12-16T15:17:40,20,9979,0,9999
2023-12-16T15:34:21,20,9979,0,9999
2023-12-16T15:51:02,20,9979,0,9999
2023-12-16T16:07:43,20,9979,0,9999
2023-12-16T16:24:22,20,9979,0,9999
2023-12-16T16:41:11,20,9979,0,9999
2023-12-16T16:57:53,20,9979,0,9999
2023-12-16T17:14:35,20,9979,0,9999
2023-12-16T17:31:15,20,9979,0,9999
2023-12-16T17:47:55,20,9979,0,9999
2023-12-16T18:04:36,20,9979,0,9999
2023-12-16T18:21:16,20,9979,0,9999
2023-12-16T18:38:07,20,9979,0,9999
2023-12-16T18:54:49,20,9979,0,9999
2023-12-16T19:11:31,20,9979,0,9999
2023-12-16T19:28:12,20,9979,0,9999
2023-12-16T19:44:52,20,9979,0,9999
2023-12-16T20:01:32,20,9979,0,9999
2023-12-16T20:18:11,20,9979,0,9999
2023-12-16T20:34:51,20,9979,0,9999
2023-12-16T20:51:39,20,9979,0,9999
2023-12-16T21:08:20,20,9979,0,9999
2023-12-16T21:25:00,20,9979,0,9999
2023-12-16T21:41:42,20,9979,0,9999
2023-12-16T21:58:23,20,9979,0,9999
2023-12-16T22:15:04,20,9979,0,9999
2023-12-16T22:31:46,20,9979,0,9999
2023-12-16T22:48:36,20,9979,0,9999
2023-12-16T23:05:18,20,9979,0,9999
2023-12-16T23:22:00,20,9979,0,9999
2023-12-16T23:38:40,20,9979,0,9999
2023-12-16T23:55:21,20,9979,0,9999
2023-12-17T00:12:04,20,9979,0,9999
2023-12-17T00:57:36,20,9979,0,9999
2023-12-17T01:14:17,20,9979,0,9999
2023-12-17T01:30:58,20,9979,0,9999
2023-12-17T01:47:38,20,9979,0,9999
2023-12-17T02:04:21,20,9979,0,9999
2023-12-17T02:21:03,20,9979,0,9999
2023-12-17T02:37:46,20,9979,0,9999
2023-12-17T02:54:28,20,9979,0,9999
2023-12-17T03:11:19,20,9979,0,9999
2023-12-17T03:28:00,20,9979,0,9999
2023-12-17T03:44:41,20,9979,0,9999
2023-12-17T04:01:23,20,9979,0,9999
2023-12-17T04:23:04,20,9979,0,9999
2023-12-17T04:40:26,20,9979,0,9999
2023-12-17T04:59:10,20,9979,0,9999
2023-12-17T05:16:16,20,9979,0,9999
2023-12-17T05:33:01,20,9979,0,9999
2023-12-17T06:02:39,20,9979,0,9999
2023-12-17T06:20:26,20,9979,0,9999
2023-12-17T06:37:12,20,9979,0,9999
2023-12-17T06:53:58,20,9979,0,9999
2023-12-17T07:25:21,20,9979,0,9999
2023-12-17T07:42:05,20,9979,0,9999
2023-12-17T07:58:48,20,9979,0,9999
2023-12-17T08:15:32,20,9979,0,9999
2023-12-17T08:32:17,20,9979,0,9999
2023-12-17T08:49:04,20,9979,0,9999
2023-12-17T09:05:53,20,9979,0,9999
2023-12-17T09:22:43,20,9979,0,9999
2023-12-17T09:39:33,20,9979,0,9999
2023-12-17T09:56:29,20,9979,0,9999
2023-12-17T10:13:14,20,9979,0,9999
2023-12-17T10:30:01,20,9979,0,9999
2023-12-17T10:46:51,20,9979,0,9999
2023-12-17T11:03:39,20,9979,0,9999
2023-12-17T11:20:25,20,9979,0,9999
2023-12-17T11:37:14,20,9979,0,9999
2023-12-17T11:54:09,20,9979,0,9999
2023-12-17T12:10:57,20,9979,0,9999
2023-12-17T12:27:39,20,9979,0,9999
2023-12-17T12:44:21,20,9979,0,9999
2023-12-17T13:01:11,20,9979,0,9999
2023-12-17T13:17:51,20,9979,0,9999
2023-12-17T13:34:31,20,9979,0,9999
2023-12-17T13:51:11,20,9979,0,9999
2023-12-17T14:07:50,20,9979,0,9999
2023-12-17T14:24:39,20,9979,0,9999
2023-12-17T14:41:18,20,9979,0,9999
2023-12-17T14:57:57,20,9979,0,9999
2023-12-17T15:14:39,20,9979,0,9999
2023-12-17T15:31:19,20,9979,0,9999
2023-12-17T15:48:10,20,9979,0,9999
2023-12-17T16:04:53,21,9978,0,9999
2023-12-17T16:21:36,21,9978,0,9999
2023-12-17T16:38:21,21,9978,0,9999
2023-12-17T16:55:04,21,9978,0,9999
2023-12-17T17:11:46,21,9978,0,9999
2023-12-17T17:28:37,21,9978,0,9999
2023-12-17T17:45:20,21,9978,0,9999
2023-12-17T18:02:01,21,9978,0,9999
2023-12-17T18:18:41,21,9978,0,9999
2023-12-17T18:35:22,21,9978,0,9999
2023-12-17T18:52:11,21,9978,0,9999
2023-12-17T19:08:53,21,9978,0,9999
2023-12-17T19:25:33,21,9978,0,9999
2023-12-17T19:42:13,21,9978,0,9999
2023-12-17T19:58:53,21,9978,0,9999
2023-12-17T20:15:42,21,9978,0,9999
2023-12-17T20:32:21,21,9978,0,9999
2023-12-17T20:49:02,21,9978,0,9999
2023-12-17T21:05:43,21,9978,0,9999
2023-12-17T21:22:23,21,9978,0,9999
2023-12-17T21:39:05,21,9978,0,9999
2023-12-17T21:55:57,21,9978,0,9999
2023-12-17T22:12:37,21,9978,0,9999
2023-12-17T22:29:25,21,9978,0,9999
2023-12-17T22:46:05,21,9978,0,9999
2023-12-17T23:02:55,21,9978,0,9999
2023-12-17T23:19:35,21,9978,0,9999
2023-12-17T23:36:27,21,9978,0,9999
2023-12-17T23:53:18,21,9978,0,9999
2023-12-18T00:10:03,21,9978,0,9999
2023-12-18T00:27:08,21,9978,0,9999
2023-12-18T00:44:11,21,9978,0,9999
2023-12-18T01:01:04,21,9978,0,9999
2023-12-18T01:17:57,21,9978,0,9999
2023-12-18T01:35:00,21,9978,0,9999
2023-12-18T01:51:55,21,9978,0,9999
2023-12-18T02:08:48,21,9978,0,9999
2023-12-18T02:25:33,21,9978,0,9999
2023-12-18T02:42:33,21,9978,0,9999
2023-12-18T02:59:17,21,9978,0,9999
2023-12-18T03:16:10,21,9978,0,9999
2023-12-18T03:33:04,21,9978,0,9999
2023-12-18T03:49:48,21,9978,0,9999
2023-12-18T04:06:42,21,9978,0,9999
2023-12-18T04:29:18,21,9978,0,9999
2023-12-18T04:46:23,21,9978,0,9999
2023-12-18T05:03:23,21,9978,0,9999
2023-12-18T05:20:17,21,9978,0,9999
2023-12-18T05:37:15,21,9978,0,9999
2023-12-18T05:54:00,21,9978,0,9999
2023-12-18T06:11:34,21,9978,0,9999
2023-12-18T06:28:24,21,9978,0,9999
2023-12-18T06:45:23,21,9978,0,9999
2023-12-18T07:02:10,21,9978,0,9999
2023-12-18T07:19:01,21,9978,0,9999
2023-12-18T07:35:52,21,9978,0,9999
2023-12-18T07:52:32,21,9978,0,9999
2023-12-18T08:09:26,21,9978,0,9999
2023-12-18T08:26:07,21,9978,0,9999
2023-12-18T08:42:58,21,9978,0,9999
2023-12-18T08:59:49,21,9978,0,9999
2023-12-18T09:16:31,21,9978,0,9999
2023-12-18T09:33:24,21,9978,0,9999
2023-12-18T09:50:15,21,9978,0,9999
2023-12-18T10:06:56,21,9978,0,9999
2023-12-18T10:23:48,21,9978,0,9999
2023-12-18T10:40:40,21,9978,0,9999
2023-12-18T10:57:31,21,9978,0,9999
2023-12-18T11:14:26,21,9978,0,9999
2023-12-18T11:31:07,21,9978,0,9999
2023-12-18T11:48:00,21,9978,0,9999
2023-12-18T12:04:52,21,9978,0,9999
2023-12-18T12:21:43,21,9978,0,9999
2023-12-18T12:38:35,21,9978,0,9999
2023-12-18T12:55:27,21,9978,0,9999
2023-12-18T13:12:18,21,9978,0,9999
2023-12-18T13:29:02,21,9978,0,9999
2023-12-18T13:45:52,21,9978,0,9999
2023-12-18T14:02:44,21,9978,0,9999
2023-12-18T14:19:38,21,9978,0,9999
2023-12-18T14:36:30,21,9978,0,9999
2023-12-18T14:53:21,21,9978,0,9999
2023-12-18T15:10:15,21,9978,0,9999
2023-12-18T15:27:07,21,9978,0,9999
2023-12-18T15:43:50,21,9978,0,9999
2023-12-18T16:00:43,21,9978,0,9999
2023-12-18T16:17:36,21,9978,0,9999
2023-12-18T16:34:32,21,9978,0,9999
2023-12-18T16:51:24,21,9978,0,9999
2023-12-18T17:08:18,21,9978,0,9999
2023-12-18T17:25:01,21,9978,0,9999
2023-12-18T17:41:54,21,9978,0,9999
2023-12-18T17:58:47,21,9978,0,9999
2023-12-18T18:15:40,21,9978,0,9999
2023-12-18T18:32:32,21,9978,0,9999
2023-12-18T18:49:15,21,9978,0,9999
2023-12-18T19:06:08,21,9978,0,9999
2023-12-18T19:23:00,21,9978,0,9999
2023-12-18T19:39:53,21,9978,0,9999
2023-12-18T19:56:38,21,9978,0,9999
2023-12-18T20:13:39,21,9978,0,9999
2023-12-18T20:30:31,21,9978,0,9999
2023-12-18T20:47:25,21,9978,0,9999
2023-12-18T21:04:07,21,9978,0,9999
2023-12-18T21:21:01,21,9978,0,9999
2023-12-18T21:37:54,21,9978,0,9999
2023-12-18T21:54:47,21,9978,0,9999
2023-12-18T22:11:29,21,9978,0,9999
2023-12-18T22:28:22,21,9978,0,9999
2023-12-18T22:45:14,21,9978,0,9999
2023-12-18T23:01:56,21,9978,0,9999
2023-12-18T23:18:50,21,9978,0,9999
2023-12-18T23:35:42,21,9978,0,9999
2023-12-18T23:52:38,21,9978,0,9999
2023-12-19T00:09:23,21,9978,0,9999
2023-12-19T00:26:24,21,9978,0,9999
2023-12-19T00:43:23,21,9978,0,9999
2023-12-19T01:00:23,21,9978,0,9999
2023-12-19T01:17:12,21,9978,0,9999
2023-12-19T01:34:13,21,9978,0,9999
2023-12-19T01:51:16,21,9978,0,9999
2023-12-19T02:08:16,21,9978,0,9999
2023-12-19T02:25:02,21,9978,0,9999
2023-12-19T02:41:59,21,9978,0,9999
2023-12-19T02:58:56,21,9978,0,9999
2023-12-19T03:15:55,21,9978,0,9999
2023-12-19T03:32:44,21,9978,0,9999
2023-12-19T03:49:43,21,9978,0,9999
2023-12-19T04:06:28,21,9978,0,9999
2023-12-19T04:31:24,21,9978,0,9999
2023-12-19T04:49:59,21,9978,0,9999
2023-12-19T05:07:09,21,9978,0,9999
2023-12-19T05:23:57,21,9978,0,9999
2023-12-19T05:40:44,21,9978,0,9999
2023-12-19T05:57:30,21,9978,0,9999
2023-12-19T06:14:17,21,9978,0,9999
2023-12-19T06:31:03,21,9978,0,9999
2023-12-19T06:47:49,21,9978,0,9999
2023-12-19T07:04:35,21,9978,0,9999
2023-12-19T07:21:20,21,9978,0,9999
2023-12-19T07:38:04,21,9978,0,9999
2023-12-19T07:54:58,21,9978,0,9999
2023-12-19T08:11:47,21,9978,0,9999
2023-12-19T08:28:37,21,9978,0,9999
2023-12-19T08:45:26,21,9978,0,9999
2023-12-19T09:02:11,21,9978,0,9999
2023-12-19T09:18:58,21,9978,0,9999
2023-12-19T09:35:52,21,9978,0,9999
2023-12-19T09:52:37,21,9978,0,9999
2023-12-19T10:09:24,21,9978,0,9999
2023-12-19T10:26:23,21,9978,0,9999
2023-12-19T10:43:08,21,9978,0,9999
2023-12-19T10:59:54,21,9978,0,9999
2023-12-19T11:16:40,21,9978,0,9999
2023-12-19T11:33:36,21,9978,0,9999
2023-12-19T11:50:20,21,9978,0,9999
2023-12-19T12:07:04,21,9978,0,9999
2023-12-19T12:24:00,21,9978,0,9999
2023-12-19T12:40:43,21,9978,0,9999
2023-12-19T12:57:38,21,9978,0,9999
2023-12-19T13:14:21,21,9978,0,9999
2023-12-19T13:31:05,21,9978,0,9999
2023-12-19T13:47:59,21,9978,0,9999
2023-12-19T14:04:42,21,9978,0,9999
2023-12-19T14:21:26,21,9978,0,9999
2023-12-19T14:38:23,21,9978,0,9999
2023-12-19T14:55:07,21,9978,0,9999
2023-12-19T15:11:51,21,9978,0,9999
2023-12-19T15:28:49,21,9978,0,9999
2023-12-19T15:45:33,21,9978,0,9999
2023-12-19T16:02:16,21,9978,0,9999
2023-12-19T16:19:13,21,9978,0,9999
2023-12-19T16:35:56,21,9978,0,9999
2023-12-19T16:52:41,21,9978,0,9999
2023-12-19T17:09:35,21,9978,0,9999
2023-12-19T17:26:20,21,9978,0,9999
2023-12-19T17:43:04,21,9978,0,9999
2023-12-19T17:59:59,21,9978,0,9999
2023-12-19T18:16:43,21,9978,0,9999
2023-12-19T18:33:39,21,9978,0,9999
2023-12-19T18:50:23,21,9978,0,9999
2023-12-19T19:07:08,21,9978,0,9999
2023-12-19T19:23:51,21,9978,0,9999
2023-12-19T19:40:45,21,9978,0,9999
2023-12-19T19:57:29,21,9978,0,9999
2023-12-19T20:14:20,21,9978,0,9999
2023-12-19T20:31:16,21,9978,0,9999
2023-12-19T20:48:00,21,9978,0,9999
2023-12-19T21:04:43,21,9978,0,9999
2023-12-19T21:21:39,21,9978,0,9999
2023-12-19T21:38:25,21,9978,0,9999
2023-12-19T21:55:21,21,9978,0,9999
2023-12-19T22:12:05,21,9978,0,9999
2023-12-19T22:28:49,21,9978,0,9999
2023-12-19T22:45:49,21,9978,0,9999
2023-12-19T23:02:33,21,9978,0,9999
2023-12-19T23:19:18,21,9978,0,9999
2023-12-19T23:36:16,21,9978,0,9999
2023-12-19T23:53:01,21,9978,0,9999
2023-12-20T00:09:56,21,9978,0,9999
2023-12-20T00:26:51,21,9978,0,9999
2023-12-20T00:43:57,21,9978,0,9999
2023-12-20T01:00:48,21,9978,0,9999
2023-12-20T01:17:40,21,9978,0,9999
2023-12-20T01:34:31,21,9978,0,9999
2023-12-20T01:51:37,21,9978,0,9999
2023-12-20T02:08:26,21,9978,0,9999
2023-12-20T02:25:29,21,9978,0,9999
2023-12-20T02:42:28,21,9978,0,9999
2023-12-20T02:59:25,21,9978,0,9999
2023-12-20T03:16:27,21,9978,0,9999
2023-12-20T03:33:27,21,9978,0,9999
2023-12-20T03:50:13,21,9978,0,9999
2023-12-20T04:07:13,21,9978,0,9999
2023-12-20T04:25:58,21,9978,0,9999
2023-12-20T04:43:17,21,9978,0,9999
2023-12-20T05:00:16,21,9978,0,9999
2023-12-20T05:17:15,21,9978,0,9999
2023-12-20T05:34:04,21,9978,0,9999
2023-12-20T05:50:53,21,9978,0,9999
2023-12-20T06:07:52,21,9978,0,9999
2023-12-20T06:24:42,21,9978,0,9999
2023-12-20T06:41:35,21,9978,0,9999
2023-12-20T06:58:33,21,9978,0,9999
2023-12-20T07:15:20,21,9978,0,9999
2023-12-20T07:32:07,21,9978,0,9999
2023-12-20T07:49:02,21,9978,0,9999
2023-12-20T08:05:51,21,9978,0,9999
2023-12-20T08:22:38,21,9978,0,9999
2023-12-20T08:39:35,21,9978,0,9999
2023-12-20T08:56:23,21,9978,0,9999
2023-12-20T09:13:21,21,9978,0,9999
2023-12-20T09:30:08,21,9978,0,9999
2023-12-20T09:47:06,21,9978,0,9999
2023-12-20T10:03:54,21,9978,0,9999
2023-12-20T10:20:54,21,9978,0,9999
2023-12-20T10:37:41,21,9978,0,9999
2023-12-20T10:54:40,21,9978,0,9999
2023-12-20T11:11:28,21,9978,0,9999
2023-12-20T11:28:25,21,9978,0,9999
2023-12-20T11:45:12,21,9978,0,9999
2023-12-20T12:02:10,21,9978,0,9999
2023-12-20T12:19:08,21,9978,0,9999
2023-12-20T12:35:54,21,9978,0,9999
2023-12-20T12:52:53,21,9978,0,9999
2023-12-20T13:09:38,21,9978,0,9999
2023-12-20T13:26:35,21,9978,0,9999
2023-12-20T13:43:19,21,9978,0,9999
2023-12-20T14:00:16,21,9978,0,9999
2023-12-20T14:17:01,21,9978,0,9999
2023-12-20T14:33:57,21,9978,0,9999
2023-12-20T14:50:42,21,9978,0,9999
2023-12-20T15:07:40,21,9978,0,9999
2023-12-20T15:24:25,21,9978,0,9999
2023-12-20T15:41:22,21,9978,0,9999
2023-12-20T15:58:08,21,9978,0,9999
2023-12-20T16:15:04,21,9978,0,9999
2023-12-20T16:31:49,21,9978,0,9999
2023-12-20T16:48:45,21,9978,0,9999
2023-12-20T17:05:30,21,9978,0,9999
2023-12-20T17:22:17,21,9978,0,9999
2023-12-20T17:39:13,21,9978,0,9999
2023-12-20T17:55:58,21,9978,0,9999
2023-12-20T18:12:54,21,9978,0,9999
2023-12-20T18:29:39,21,9978,0,9999
2023-12-20T18:46:24,21,9978,0,9999
2023-12-20T19:03:23,21,9978,0,9999
2023-12-20T19:20:08,21,9978,0,9999
2023-12-20T19:37:04,21,9978,0,9999
2023-12-20T19:53:49,21,9978,0,9999
2023-12-20T20:10:39,21,9978,0,9999
2023-12-20T20:27:35,21,9978,0,9999
2023-12-20T20:44:20,21,9978,0,9999
2023-12-20T21:01:16,21,9978,0,9999
2023-12-20T21:18:00,21,9978,0,9999
2023-12-20T21:34:58,21,9978,0,9999
2023-12-20T21:51:43,21,9978,0,9999
2023-12-20T22:08:28,21,9978,0,9999
2023-12-20T22:25:25,21,9978,0,9999
2023-12-20T22:42:10,21,9978,0,9999
2023-12-20T22:58:57,21,9978,0,9999
2023-12-20T23:15:54,21,9978,0,9999
2023-12-20T23:32:40,21,9978,0,9999
2023-12-20T23:49:27,21,9978,0,9999
2023-12-21T00:06:25,21,9978,0,9999
2023-12-21T00:23:16,21,9978,0,9999
2023-12-21T00:40:05,21,9978,0,9999
2023-12-21T00:57:08,21,9978,0,9999
2023-12-21T01:13:58,21,9978,0,9999
2023-12-21T01:30:48,21,9978,0,9999
2023-12-21T01:47:38,21,9978,0,9999
2023-12-21T02:04:39,21,9978,0,9999
2023-12-21T02:21:25,21,9978,0,9999
2023-12-21T02:38:12,21,9978,0,9999
2023-12-21T02:54:58,21,9978,0,9999
2023-12-21T03:12:00,21,9978,0,9999
2023-12-21T03:28:49,21,9978,0,9999
2023-12-21T03:45:49,21,9978,0,9999
2023-12-21T04:02:39,21,9978,0,9999
2023-12-21T04:23:03,21,9978,0,9999
2023-12-21T04:41:33,21,9978,0,9999
2023-12-21T04:58:25,21,9978,0,9999
2023-12-21T05:15:15,21,9978,0,9999
2023-12-21T05:32:11,21,9978,0,9999
2023-12-21T05:49:00,21,9978,0,9999
2023-12-21T06:05:49,21,9978,0,9999
2023-12-21T06:22:48,21,9978,0,9999
2023-12-21T06:39:35,21,9978,0,9999
2023-12-21T06:56:23,21,9978,0,9999
2023-12-21T07:13:12,21,9978,0,9999
2023-12-21T07:30:09,21,9978,0,9999
2023-12-21T07:46:54,21,9978,0,9999
2023-12-21T08:03:40,21,9978,0,9999
2023-12-21T08:20:34,21,9978,0,9999
2023-12-21T08:37:20,21,9978,0,9999
2023-12-21T08:54:05,21,9978,0,9999
2023-12-21T09:10:50,21,9978,0,9999
2023-12-21T09:27:44,21,9978,0,9999
2023-12-21T09:44:28,21,9978,0,9999
2023-12-21T10:01:13,21,9978,0,9999
2023-12-21T10:18:09,21,9978,0,9999
2023-12-21T10:34:54,22,9977,0,9999
2023-12-21T10:51:48,22,9977,0,9999
2023-12-21T11:08:34,22,9977,0,9999
2023-12-21T11:25:19,22,9977,0,9999
2023-12-21T11:42:17,22,9977,0,9999
2023-12-21T11:59:02,22,9977,0,9999
2023-12-21T12:16:01,22,9977,0,9999
2023-12-21T12:32:47,22,9977,0,9999
2023-12-21T12:49:42,22,9977,0,9999
2023-12-21T13:06:28,22,9977,0,9999
2023-12-21T13:23:13,22,9977,0,9999
2023-12-21T13:40:11,22,9977,0,9999
2023-12-21T13:56:58,22,9977,0,9999
2023-12-21T14:13:45,22,9977,0,9999
2023-12-21T14:30:43,22,9977,0,9999
2023-12-21T14:47:31,22,9977,0,9999
2023-12-21T15:04:30,22,9977,0,9999
2023-12-21T15:21:17,22,9977,0,9999
2023-12-21T15:38:16,22,9977,0,9999
2023-12-21T15:55:04,22,9977,0,9999
2023-12-21T16:11:51,22,9977,0,9999
2023-12-21T16:28:48,22,9977,0,9999
2023-12-21T16:45:36,22,9977,0,9999
2023-12-21T17:02:36,22,9977,0,9999
2023-12-21T17:19:24,22,9977,0,9999
2023-12-21T17:36:11,22,9977,0,9999
2023-12-21T17:53:08,22,9977,0,9999
2023-12-21T18:09:56,22,9977,0,9999
2023-12-21T18:26:55,22,9977,0,9999
2023-12-21T18:43:42,22,9977,0,9999
2023-12-21T19:00:29,22,9977,0,9999
2023-12-21T19:17:28,22,9977,0,9999
2023-12-21T19:34:14,22,9977,0,9999
2023-12-21T19:51:01,22,9977,0,9999
2023-12-21T20:08:04,22,9977,0,9999
2023-12-21T20:24:51,22,9977,0,9999
2023-12-21T20:41:39,22,9977,0,9999
2023-12-21T20:58:36,23,9976,0,9999
2023-12-21T21:15:23,23,9976,0,9999
2023-12-21T21:32:20,23,9976,0,9999
2023-12-21T21:49:08,23,9976,0,9999
2023-12-21T22:05:55,23,9976,0,9999
2023-12-21T22:22:52,23,9976,0,9999
2023-12-21T22:39:39,23,9976,0,9999
2023-12-21T22:56:27,23,9976,0,9999
2023-12-21T23:13:26,23,9976,0,9999
2023-12-21T23:30:13,23,9976,0,9999
2023-12-21T23:47:00,23,9976,0,9999
2023-12-22T00:03:48,23,9976,0,9999
2023-12-22T00:20:57,23,9976,0,9999
2023-12-22T00:37:49,23,9976,0,9999
2023-12-22T00:54:41,23,9976,0,9999
2023-12-22T01:11:43,23,9976,0,9999
2023-12-22T01:28:36,23,9976,0,9999
2023-12-22T01:45:28,23,9976,0,9999
2023-12-22T02:02:32,23,9976,0,9999
2023-12-22T02:19:25,23,9976,0,9999
2023-12-22T02:36:16,23,9976,0,9999
2023-12-22T02:53:06,23,9976,0,9999
2023-12-22T03:10:10,23,9976,0,9999
2023-12-22T03:27:03,23,9976,0,9999
2023-12-22T03:43:55,23,9976,0,9999
2023-12-22T04:01:07,23,9976,0,9999
2023-12-22T04:31:38,23,9976,0,9999
2023-12-22T04:48:59,23,9976,0,9999
2023-12-22T05:05:55,23,9976,0,9999
2023-12-22T05:22:46,23,9976,0,9999
2023-12-22T05:39:45,23,9976,0,9999
2023-12-22T05:56:36,23,9976,0,9999
2023-12-22T06:13:27,23,9976,0,9999
2023-12-22T06:30:26,23,9976,0,9999
2023-12-22T06:47:16,23,9976,0,9999
2023-12-22T07:04:08,23,9976,0,9999
2023-12-22T07:20:58,23,9976,0,9999
2023-12-22T07:37:56,23,9976,0,9999
2023-12-22T07:54:45,23,9976,0,9999
2023-12-22T08:11:37,23,9976,0,9999
2023-12-22T08:28:36,23,9976,0,9999
2023-12-22T08:45:25,23,9976,0,9999
2023-12-22T09:02:15,23,9976,0,9999
2023-12-22T09:19:05,23,9976,0,9999
2023-12-22T09:36:03,23,9976,0,9999
2023-12-22T09:52:51,23,9976,0,9999
2023-12-22T10:09:38,23,9976,0,9999
2023-12-22T10:26:37,23,9976,0,9999
2023-12-22T10:43:25,23,9976,0,9999
2023-12-22T11:00:13,23,9976,0,9999
2023-12-22T11:17:11,23,9976,0,9999
2023-12-22T11:33:59,23,9976,0,9999
2023-12-22T11:50:49,23,9976,0,9999
2023-12-22T12:07:44,23,9976,0,9999
2023-12-22T12:24:33,23,9976,0,9999
2023-12-22T12:41:32,23,9976,0,9999
2023-12-22T12:58:20,23,9976,0,9999
2023-12-22T13:15:07,23,9976,0,9999
2023-12-22T13:32:05,23,9976,0,9999
2023-12-22T13:48:53,23,9976,0,9999
2023-12-22T14:05:41,23,9976,0,9999
2023-12-22T14:22:39,23,9976,0,9999
2023-12-22T14:39:26,23,9976,0,9999
2023-12-22T14:56:14,23,9976,0,9999
2023-12-22T15:13:12,23,9976,0,9999
2023-12-22T15:29:59,23,9976,0,9999
2023-12-22T15:46:57,23,9976,0,9999
2023-12-22T16:03:45,23,9976,0,9999
2023-12-22T16:20:44,23,9976,0,9999
2023-12-22T16:37:31,23,9976,0,9999
2023-12-22T16:54:18,23,9976,0,9999
2023-12-22T17:11:17,23,9976,0,9999
2023-12-22T17:28:04,23,9976,0,9999
2023-12-22T17:44:51,23,9976,0,9999
2023-12-22T18:01:49,23,9976,0,9999
2023-12-22T18:18:37,23,9976,0,9999
2023-12-22T18:35:24,23,9976,0,9999
2023-12-22T18:52:22,23,9976,0,9999
2023-12-22T19:09:11,23,9976,0,9999
2023-12-22T19:25:59,23,9976,0,9999
2023-12-22T19:42:57,23,9976,0,9999
2023-12-22T19:59:46,23,9976,0,9999
2023-12-22T20:16:34,23,9976,0,9999
2023-12-22T20:33:32,23,9976,0,9999
2023-12-22T20:50:19,23,9976,0,9999
2023-12-22T21:07:07,23,9976,0,9999
2023-12-22T21:24:06,23,9976,0,9999
2023-12-22T21:40:53,23,9976,0,9999
2023-12-22T21:57:41,23,9976,0,9999
2023-12-22T22:14:38,23,9976,0,9999
2023-12-22T22:31:26,23,9976,0,9999
2023-12-22T22:48:13,23,9976,0,9999
2023-12-22T23:05:12,23,9976,0,9999
2023-12-22T23:22:00,23,9976,0,9999
2023-12-22T23:38:58,23,9976,0,9999
2023-12-22T23:55:46,23,9976,0,9999
2023-12-23T00:12:39,23,9976,0,9999
2023-12-23T00:29:52,23,9976,0,9999
2023-12-23T00:46:46,23,9976,0,9999
2023-12-23T01:03:40,23,9976,0,9999
2023-12-23T01:20:32,23,9976,0,9999
2023-12-23T01:37:33,23,9976,0,9999
2023-12-23T01:54:25,23,9976,0,9999
2023-12-23T02:11:17,23,9976,0,9999
2023-12-23T02:28:18,23,9976,0,9999
2023-12-23T02:45:10,23,9976,0,9999
2023-12-23T03:02:09,23,9976,0,9999
2023-12-23T03:19:11,23,9976,0,9999
2023-12-23T03:36:54,23,9976,0,9999
2023-12-23T03:53:46,23,9976,0,9999
2023-12-23T04:18:28,23,9976,0,9999
2023-12-23T04:35:22,23,9976,0,9999
2023-12-23T04:53:44,23,9976,0,9999
2023-12-23T05:11:05,23,9976,0,9999
2023-12-23T05:27:57,23,9976,0,9999
2023-12-23T05:44:49,23,9976,0,9999
2023-12-23T06:01:41,23,9976,0,9999
2023-12-23T06:18:40,23,9976,0,9999
2023-12-23T06:35:31,23,9976,0,9999
2023-12-23T06:52:23,23,9976,0,9999
2023-12-23T07:09:24,23,9976,0,9999
2023-12-23T07:26:13,23,9976,0,9999
2023-12-23T07:43:02,23,9976,0,9999
2023-12-23T08:00:00,23,9976,0,9999
2023-12-23T08:16:49,23,9976,0,9999
2023-12-23T08:33:36,23,9976,0,9999
2023-12-23T08:50:24,23,9976,0,9999
2023-12-23T09:07:23,23,9976,0,9999
2023-12-23T09:24:10,23,9976,0,9999
2023-12-23T09:40:57,23,9976,0,9999
2023-12-23T09:57:54,23,9976,0,9999
2023-12-23T10:14:41,23,9976,0,9999
2023-12-23T10:31:28,23,9976,0,9999
2023-12-23T10:48:16,23,9976,0,9999
2023-12-23T11:05:12,23,9976,0,9999
2023-12-23T11:22:00,23,9976,0,9999
2023-12-23T11:38:47,23,9976,0,9999
2023-12-23T11:55:34,23,9976,0,9999
2023-12-23T12:12:31,23,9976,0,9999
2023-12-23T12:29:17,23,9976,0,9999
2023-12-23T12:46:04,23,9976,0,9999
2023-12-23T13:03:01,23,9976,0,9999
2023-12-23T13:19:48,23,9976,0,9999
2023-12-23T13:36:35,23,9976,0,9999
2023-12-23T13:53:32,23,9976,0,9999
2023-12-23T14:10:19,23,9976,0,9999
2023-12-23T14:27:06,23,9976,0,9999
2023-12-23T14:44:03,23,9976,0,9999
2023-12-23T15:00:50,23,9976,0,9999
2023-12-23T15:17:37,23,9976,0,9999
2023-12-23T15:34:33,23,9976,0,9999
2023-12-23T15:51:20,23,9976,0,9999
2023-12-23T16:08:08,23,9976,0,9999
2023-12-23T16:24:55,23,9976,0,9999
2023-12-23T16:41:52,23,9976,0,9999
2023-12-23T16:58:39,23,9976,0,9999
2023-12-23T17:15:26,23,9976,0,9999
2023-12-23T17:32:25,23,9976,0,9999
2023-12-23T17:49:12,23,9976,0,9999
2023-12-23T18:05:59,23,9976,0,9999
2023-12-23T18:22:46,23,9976,0,9999
2023-12-23T18:39:42,23,9976,0,9999
2023-12-23T18:56:30,23,9976,0,9999
2023-12-23T19:13:18,23,9976,0,9999
2023-12-23T19:30:13,23,9976,0,9999
2023-12-23T19:47:00,23,9976,0,9999
2023-12-23T20:03:47,23,9976,0,9999
2023-12-23T20:20:44,23,9976,0,9999
2023-12-23T20:37:31,23,9976,0,9999
2023-12-23T20:54:18,23,9976,0,9999
2023-12-23T21:11:05,23,9976,0,9999
2023-12-23T21:28:02,23,9976,0,9999
2023-12-23T21:44:49,23,9976,0,9999
2023-12-23T22:01:36,23,9976,0,9999
2023-12-23T22:18:32,23,9976,0,9999
2023-12-23T22:35:19,23,9976,0,9999
2023-12-23T22:52:07,23,9976,0,9999
2023-12-23T23:08:55,23,9976,0,9999
2023-12-23T23:25:52,23,9976,0,9999
2023-12-23T23:42:39,23,9976,0,9999
2023-12-23T23:59:28,23,9976,0,9999
2023-12-24T00:16:30,23,9976,0,9999
2023-12-24T00:33:22,23,9976,0,9999
2023-12-24T00:50:14,23,9976,0,9999
2023-12-24T01:07:16,23,9976,0,9999
2023-12-24T01:24:06,23,9976,0,9999
2023-12-24T01:40:58,23,9976,0,9999
2023-12-24T01:57:49,23,9976,0,9999
2023-12-24T02:14:54,23,9976,0,9999
2023-12-24T02:31:45,23,9976,0,9999
2023-12-24T02:48:36,23,9976,0,9999
2023-12-24T03:05:29,23,9976,0,9999
2023-12-24T03:22:30,23,9976,0,9999
2023-12-24T03:39:21,23,9976,0,9999
2023-12-24T03:56:13,23,9976,0,9999
2023-12-24T04:13:14,23,9976,0,9999
2023-12-24T04:27:38,23,9976,0,9999
2023-12-24T04:45:47,23,9976,0,9999
2023-12-24T05:02:59,23,9976,0,9999
2023-12-24T05:19:53,23,9976,0,9999
2023-12-24T05:36:45,23,9976,0,9999
2023-12-24T05:53:47,23,9976,0,9999
2023-12-24T06:10:40,23,9976,0,9999
2023-12-24T06:27:31,23,9976,0,9999
2023-12-24T06:44:30,23,9976,0,9999
2023-12-24T07:01:24,23,9976,0,9999
2023-12-24T07:18:12,23,9976,0,9999
2023-12-24T07:34:59,23,9976,0,9999
2023-12-24T07:51:57,23,9976,0,9999
2023-12-24T08:08:50,23,9976,0,9999
2023-12-24T08:25:42,23,9976,0,9999
2023-12-24T08:42:32,23,9976,0,9999
2023-12-24T08:59:28,23,9976,0,9999
2023-12-24T09:16:16,23,9976,0,9999
2023-12-24T09:33:05,23,9976,0,9999
2023-12-24T09:49:56,23,9976,0,9999
2023-12-24T10:06:55,23,9976,0,9999
2023-12-24T10:23:52,23,9976,0,9999
2023-12-24T10:40:46,23,9976,0,9999
2023-12-24T10:57:44,23,9976,0,9999
2023-12-24T11:14:46,23,9976,0,9999
2023-12-24T11:31:34,23,9976,0,9999
2023-12-24T11:48:21,23,9976,0,9999
2023-12-24T12:05:10,23,9976,0,9999
2023-12-24T12:22:06,23,9976,0,9999
2023-12-24T12:38:53,23,9976,0,9999
2023-12-24T12:55:39,23,9976,0,9999
2023-12-24T13:12:35,23,9976,0,9999
2023-12-24T13:29:21,23,9976,0,9999
2023-12-24T13:46:07,23,9976,0,9999
2023-12-24T14:02:54,23,9976,0,9999
2023-12-24T14:19:50,23,9976,0,9999
2023-12-24T14:36:36,23,9976,0,9999
2023-12-24T14:53:23,23,9976,0,9999
2023-12-24T15:10:19,23,9976,0,9999
2023-12-24T15:27:06,23,9976,0,9999
2023-12-24T15:43:54,23,9976,0,9999
2023-12-24T16:00:41,23,9976,0,9999
2023-12-24T16:17:39,23,9976,0,9999
2023-12-24T16:34:26,23,9976,0,9999
2023-12-24T16:51:14,23,9976,0,9999
2023-12-24T17:08:00,23,9976,0,9999
2023-12-24T17:24:56,23,9976,0,9999
2023-12-24T17:41:42,23,9976,0,9999
2023-12-24T17:58:29,23,9976,0,9999
2023-12-24T18:15:15,23,9976,0,9999
2023-12-24T18:32:12,23,9976,0,9999
2023-12-24T18:48:58,23,9976,0,9999
2023-12-24T19:05:46,23,9976,0,9999
2023-12-24T19:22:45,23,9976,0,9999
2023-12-24T19:39:31,23,9976,0,9999
2023-12-24T19:56:18,23,9976,0,9999
2023-12-24T20:13:04,23,9976,0,9999
2023-12-24T20:30:03,23,9976,0,9999
2023-12-24T20:46:50,23,9976,0,9999
2023-12-24T21:03:36,23,9976,0,9999
2023-12-24T21:20:33,23,9976,0,9999
2023-12-24T21:37:22,23,9976,0,9999
2023-12-24T21:54:13,23,9976,0,9999
2023-12-24T22:11:10,23,9976,0,9999
2023-12-24T22:27:58,23,9976,0,9999
2023-12-24T22:44:45,23,9976,0,9999
2023-12-24T23:01:34,23,9976,0,9999
2023-12-24T23:18:31,23,9976,0,9999
2023-12-24T23:35:19,23,9976,0,9999
2023-12-24T23:52:08,23,9976,0,9999
2023-12-25T00:09:10,23,9976,0,9999
2023-12-25T00:25:59,23,9976,0,9999
2023-12-25T00:42:49,23,9976,0,9999
2023-12-25T00:59:37,23,9976,0,9999
2023-12-25T01:16:34,23,9976,0,9999
2023-12-25T01:33:21,23,9976,0,9999
2023-12-25T01:50:07,23,9976,0,9999
2023-12-25T02:06:54,23,9976,0,9999
2023-12-25T02:24:03,23,9976,0,9999
2023-12-25T02:41:05,23,9976,0,9999
2023-12-25T02:57:57,23,9976,0,9999
2023-12-25T03:15:44,23,9976,0,9999
2023-12-25T03:32:37,23,9976,0,9999
2023-12-25T03:49:29,23,9976,0,9999
2023-12-25T04:06:22,23,9976,0,9999
2023-12-25T04:27:44,23,9976,0,9999
2023-12-25T04:44:58,23,9976,0,9999
2023-12-25T05:01:51,23,9976,0,9999
2023-12-25T05:18:44,23,9976,0,9999
2023-12-25T05:35:35,23,9976,0,9999
2023-12-25T05:52:28,23,9976,0,9999
2023-12-25T06:09:31,23,9976,0,9999
2023-12-25T06:26:23,23,9976,0,9999
2023-12-25T06:43:14,23,9976,0,9999
2023-12-25T07:00:09,23,9976,0,9999
2023-12-25T07:17:08,23,9976,0,9999
2023-12-25T07:33:59,23,9976,0,9999
2023-12-25T07:50:49,23,9976,0,9999
2023-12-25T08:07:41,23,9976,0,9999
2023-12-25T08:24:31,23,9976,0,9999
2023-12-25T08:41:29,23,9976,0,9999
2023-12-25T08:58:18,23,9976,0,9999
2023-12-25T09:15:05,23,9976,0,9999
2023-12-25T09:31:51,23,9976,0,9999
2023-12-25T09:48:47,23,9976,0,9999
2023-12-25T10:05:34,23,9976,0,9999
2023-12-25T10:22:20,23,9976,0,9999
2023-12-25T10:39:07,23,9976,0,9999
2023-12-25T10:56:01,23,9976,0,9999
2023-12-25T11:12:48,23,9976,0,9999
2023-12-25T11:29:35,23,9976,0,9999
2023-12-25T11:46:30,23,9976,0,9999
2023-12-25T12:03:17,23,9976,0,9999
2023-12-25T12:20:04,23,9976,0,9999
2023-12-25T12:36:50,23,9976,0,9999
2023-12-25T12:53:45,23,9976,0,9999
2023-12-25T13:10:32,23,9976,0,9999
2023-12-25T13:27:19,23,9976,0,9999
2023-12-25T13:44:16,23,9976,0,9999
2023-12-25T14:01:03,23,9976,0,9999
2023-12-25T14:17:49,23,9976,0,9999
2023-12-25T14:34:35,23,9976,0,9999
2023-12-25T14:51:29,23,9976,0,9999
2023-12-25T15:08:15,23,9976,0,9999
2023-12-25T15:25:01,23,9976,0,9999
2023-12-25T15:41:55,23,9976,0,9999
2023-12-25T15:58:41,23,9976,0,9999
2023-12-25T16:15:28,23,9976,0,9999
2023-12-25T16:32:14,23,9976,0,9999
2023-12-25T16:49:10,23,9976,0,9999
2023-12-25T17:05:56,23,9976,0,9999
2023-12-25T17:22:43,23,9976,0,9999
2023-12-25T17:39:29,23,9976,0,9999
2023-12-25T17:56:24,23,9976,0,9999
2023-12-25T18:13:10,23,9976,0,9999
2023-12-25T18:29:57,23,9976,0,9999
2023-12-25T18:46:52,23,9976,0,9999
2023-12-25T19:03:41,23,9976,0,9999
2023-12-25T19:20:27,23,9976,0,9999
2023-12-25T19:37:14,23,9976,0,9999
2023-12-25T19:54:09,23,9976,0,9999
2023-12-25T20:10:56,23,9976,0,9999
2023-12-25T20:27:42,23,9976,0,9999
2023-12-25T20:44:28,23,9976,0,9999
2023-12-25T21:01:24,23,9976,0,9999
2023-12-25T21:18:10,23,9976,0,9999
2023-12-25T21:34:56,23,9976,0,9999
2023-12-25T21:51:42,23,9976,0,9999
2023-12-25T22:08:38,23,9976,0,9999
2023-12-25T22:25:24,23,9976,0,9999
2023-12-25T22:42:10,23,9976,0,9999
2023-12-25T22:58:56,23,9976,0,9999
2023-12-25T23:15:53,23,9976,0,9999
2023-12-25T23:32:40,23,9976,0,9999
2023-12-25T23:49:28,23,9976,0,9999
2023-12-26T00:06:17,23,9976,0,9999
2023-12-26T00:23:22,23,9976,0,9999
2023-12-26T00:40:13,23,9976,0,9999
2023-12-26T00:57:10,23,9976,0,9999
2023-12-26T01:14:10,23,9976,0,9999
2023-12-26T01:31:02,23,9976,0,9999
2023-12-26T01:47:53,23,9976,0,9999
2023-12-26T02:04:51,23,9976,0,9999
2023-12-26T02:21:50,23,9976,0,9999
2023-12-26T02:38:41,23,9976,0,9999
2023-12-26T02:55:30,23,9976,0,9999
2023-12-26T03:12:29,23,9976,0,9999
2023-12-26T03:29:21,23,9976,0,9999
2023-12-26T03:46:12,23,9976,0,9999
2023-12-26T04:03:02,23,9976,0,9999
2023-12-26T04:22:30,23,9976,0,9999
2023-12-26T04:39:42,23,9976,0,9999
2023-12-26T04:56:35,23,9976,0,9999
2023-12-26T05:13:31,23,9976,0,9999
2023-12-26T05:30:23,23,9976,0,9999
2023-12-26T05:47:24,23,9976,0,9999
2023-12-26T06:04:19,23,9976,0,9999
2023-12-26T06:21:10,23,9976,0,9999
2023-12-26T06:38:00,23,9976,0,9999
2023-12-26T06:54:59,23,9976,0,9999
2023-12-26T07:11:50,23,9976,0,9999
2023-12-26T07:28:37,23,9976,0,9999
2023-12-26T07:45:23,23,9976,0,9999
2023-12-26T08:02:18,23,9976,0,9999
2023-12-26T08:19:06,23,9976,0,9999
2023-12-26T08:35:53,23,9976,0,9999
2023-12-26T08:52:41,23,9976,0,9999
2023-12-26T09:09:35,23,9976,0,9999
2023-12-26T09:26:22,23,9976,0,9999
2023-12-26T09:43:08,23,9976,0,9999
2023-12-26T09:59:55,23,9976,0,9999
2023-12-26T10:16:50,23,9976,0,9999
2023-12-26T10:33:36,23,9976,0,9999
2023-12-26T10:50:22,23,9976,0,9999
2023-12-26T11:07:08,23,9976,0,9999
2023-12-26T11:24:02,23,9976,0,9999
2023-12-26T11:40:48,23,9976,0,9999
2023-12-26T11:57:35,23,9976,0,9999
2023-12-26T12:14:31,23,9976,0,9999
2023-12-26T12:31:17,23,9976,0,9999
2023-12-26T12:48:04,23,9976,0,9999
2023-12-26T13:04:50,23,9976,0,9999
2023-12-26T13:21:44,23,9976,0,9999
2023-12-26T13:38:30,23,9976,0,9999
2023-12-26T13:55:16,23,9976,0,9999
2023-12-26T14:12:12,23,9976,0,9999
2023-12-26T14:28:58,23,9976,0,9999
2023-12-26T14:45:43,23,9976,0,9999
2023-12-26T15:02:30,23,9976,0,9999
2023-12-26T15:19:26,23,9976,0,9999
2023-12-26T15:36:13,23,9976,0,9999
2023-12-26T15:52:59,23,9976,0,9999
2023-12-26T16:09:55,23,9976,0,9999
2023-12-26T16:26:41,23,9976,0,9999
2023-12-26T16:43:27,23,9976,0,9999
2023-12-26T17:00:27,23,9976,0,9999
2023-12-26T17:17:13,23,9976,0,9999
2023-12-26T17:34:00,23,9976,0,9999
2023-12-26T17:50:46,23,9976,0,9999
2023-12-26T18:07:43,23,9976,0,9999
2023-12-26T18:24:30,23,9976,0,9999
2023-12-26T18:41:17,23,9976,0,9999
2023-12-26T18:58:12,23,9976,0,9999
2023-12-26T19:15:00,23,9976,0,9999
2023-12-26T19:31:47,23,9976,0,9999
2023-12-26T19:48:33,23,9976,0,9999
2023-12-26T20:05:29,23,9976,0,9999
2023-12-26T20:22:17,23,9976,0,9999
2023-12-26T20:39:03,23,9976,0,9999
2023-12-26T20:55:49,23,9976,0,9999
2023-12-26T21:12:45,23,9976,0,9999
2023-12-26T21:29:32,23,9976,0,9999
2023-12-26T21:46:18,23,9976,0,9999
2023-12-26T22:03:14,23,9976,0,9999
2023-12-26T22:20:01,23,9976,0,9999
2023-12-26T22:36:48,23,9976,0,9999
2023-12-26T22:53:35,23,9976,0,9999
2023-12-26T23:10:33,23,9976,0,9999
2023-12-26T23:27:19,23,9976,0,9999
2023-12-26T23:44:06,23,9976,0,9999
2023-12-27T00:00:54,23,9976,0,9999
2023-12-27T00:17:56,23,9976,0,9999
2023-12-27T00:34:48,23,9976,0,9999
2023-12-27T00:51:43,23,9976,0,9999
2023-12-27T01:08:45,23,9976,0,9999
2023-12-27T01:25:34,23,9976,0,9999
2023-12-27T01:42:29,23,9976,0,9999
2023-12-27T01:59:19,23,9976,0,9999
2023-12-27T02:16:33,23,9976,0,9999
2023-12-27T02:33:24,23,9976,0,9999
2023-12-27T02:50:17,23,9976,0,9999
2023-12-27T03:07:18,23,9976,0,9999
2023-12-27T03:24:09,23,9976,0,9999
2023-12-27T03:41:00,23,9976,0,9999
2023-12-27T03:57:51,23,9976,0,9999
2023-12-27T04:25:54,23,9976,0,9999
2023-12-27T04:43:10,23,9976,0,9999
2023-12-27T05:00:03,23,9976,0,9999
2023-12-27T05:17:00,23,9976,0,9999
2023-12-27T05:34:01,23,9976,0,9999
2023-12-27T05:50:53,23,9976,0,9999
2023-12-27T06:07:48,23,9976,0,9999
2023-12-27T06:24:40,23,9976,0,9999
2023-12-27T06:41:39,23,9976,0,9999
2023-12-27T06:58:32,23,9976,0,9999
2023-12-27T07:15:23,23,9976,0,9999
2023-12-27T07:32:10,23,9976,0,9999
2023-12-27T07:49:04,23,9976,0,9999
2023-12-27T08:05:52,23,9976,0,9999
2023-12-27T08:22:38,23,9976,0,9999
2023-12-27T08:39:26,23,9976,0,9999
2023-12-27T08:56:23,23,9976,0,9999
2023-12-27T09:13:12,23,9976,0,9999
2023-12-27T09:29:58,23,9976,0,9999
2023-12-27T09:46:45,23,9976,0,9999
2023-12-27T10:03:33,23,9976,0,9999
2023-12-27T10:20:30,23,9976,0,9999
2023-12-27T10:37:18,23,9976,0,9999
2023-12-27T10:54:05,23,9976,0,9999
2023-12-27T11:10:52,23,9976,0,9999
2023-12-27T11:27:47,23,9976,0,9999
2023-12-27T11:44:34,23,9976,0,9999
2023-12-27T12:01:21,23,9976,0,9999
2023-12-27T12:18:08,23,9976,0,9999
2023-12-27T12:35:03,23,9976,0,9999
2023-12-27T12:51:50,23,9976,0,9999
2023-12-27T13:08:37,23,9976,0,9999
2023-12-27T13:25:24,23,9976,0,9999
2023-12-27T13:42:21,23,9976,0,9999
2023-12-27T13:59:09,23,9976,0,9999
2023-12-27T14:15:58,23,9976,0,9999
2023-12-27T14:32:45,23,9976,0,9999
2023-12-27T14:49:41,23,9976,0,9999
2023-12-27T15:06:29,23,9976,0,9999
2023-12-27T15:23:15,23,9976,0,9999
2023-12-27T15:40:12,23,9976,0,9999
2023-12-27T15:56:59,23,9976,0,9999
2023-12-27T16:13:46,23,9976,0,9999
2023-12-27T16:30:32,23,9976,0,9999
2023-12-27T16:47:28,23,9976,0,9999
2023-12-27T17:04:15,23,9976,0,9999
2023-12-27T17:21:03,23,9976,0,9999
2023-12-27T17:37:49,23,9976,0,9999
2023-12-27T17:54:37,23,9976,0,9999
2023-12-27T18:11:34,23,9976,0,9999
2023-12-27T18:28:21,23,9976,0,9999
2023-12-27T18:45:08,23,9976,0,9999
2023-12-27T19:01:55,23,9976,0,9999
2023-12-27T19:24:52,23,9976,0,9999
2023-12-27T19:41:39,23,9976,0,9999
2023-12-27T19:58:24,23,9976,0,9999
2023-12-27T20:15:10,23,9976,0,9999
2023-12-27T20:32:07,23,9976,0,9999
2023-12-27T20:48:53,23,9976,0,9999
2023-12-27T21:05:39,23,9976,0,9999
2023-12-27T21:22:25,23,9976,0,9999
2023-12-27T21:39:12,23,9976,0,9999
2023-12-27T21:56:12,23,9976,0,9999
2023-12-27T22:13:01,23,9976,0,9999
2023-12-27T22:29:48,23,9976,0,9999
2023-12-27T22:46:34,23,9976,0,9999
2023-12-27T23:03:21,23,9976,0,9999
2023-12-27T23:20:19,23,9976,0,9999
2023-12-27T23:37:05,23,9976,0,9999
2023-12-27T23:53:52,23,9976,0,9999
2023-12-28T00:10:42,23,9976,0,9999
2023-12-28T00:27:40,23,9976,0,9999
2023-12-28T00:44:33,23,9976,0,9999
2023-12-28T01:01:36,23,9976,0,9999
2023-12-28T01:18:27,23,9976,0,9999
2023-12-28T01:35:15,23,9976,0,9999
2023-12-28T01:52:03,23,9976,0,9999
2023-12-28T02:08:50,23,9976,0,9999
2023-12-28T02:25:47,23,9976,0,9999
2023-12-28T02:42:33,23,9976,0,9999
2023-12-28T02:59:20,23,9976,0,9999
2023-12-28T03:16:09,23,9976,0,9999
2023-12-28T03:33:10,23,9976,0,9999
2023-12-28T03:50:00,23,9976,0,9999
2023-12-28T04:06:51,23,9976,0,9999
2023-12-28T04:29:03,23,9976,0,9999
2023-12-28T04:47:16,23,9976,0,9999
2023-12-28T05:04:32,23,9976,0,9999
2023-12-28T05:21:21,23,9976,0,9999
2023-12-28T05:38:08,23,9976,0,9999
2023-12-28T05:55:03,23,9976,0,9999
2023-12-28T06:11:50,23,9976,0,9999
2023-12-28T06:28:44,23,9976,0,9999
2023-12-28T06:45:30,23,9976,0,9999
2023-12-28T07:02:27,23,9976,0,9999
2023-12-28T07:19:15,23,9976,0,9999
2023-12-28T07:36:12,23,9976,0,9999
2023-12-28T07:53:00,23,9976,0,9999
2023-12-28T08:09:50,23,9976,0,9999
2023-12-28T08:27:04,23,9976,0,9999
2023-12-28T08:43:54,23,9976,0,9999
2023-12-28T09:00:53,23,9976,0,9999
2023-12-28T09:17:42,23,9976,0,9999
2023-12-28T09:34:40,23,9976,0,9999
2023-12-28T09:51:29,23,9976,0,9999
2023-12-28T10:08:20,23,9976,0,9999
2023-12-28T10:25:19,23,9976,0,9999
2023-12-28T10:42:09,23,9976,0,9999
2023-12-28T10:58:59,23,9976,0,9999
2023-12-28T11:15:57,23,9976,0,9999
2023-12-28T11:32:46,23,9976,0,9999
2023-12-28T11:49:35,23,9976,0,9999
2023-12-28T12:06:24,23,9976,0,9999
2023-12-28T12:23:23,23,9976,0,9999
2023-12-28T12:40:12,23,9976,0,9999
2023-12-28T12:57:00,23,9976,0,9999
2023-12-28T13:13:45,23,9976,0,9999
2023-12-28T13:30:43,23,9976,0,9999
2023-12-28T13:47:28,23,9976,0,9999
2023-12-28T14:04:15,23,9976,0,9999
2023-12-28T14:21:02,23,9976,0,9999
2023-12-28T14:37:59,23,9976,0,9999
2023-12-28T14:54:45,23,9976,0,9999
2023-12-28T15:11:31,23,9976,0,9999
2023-12-28T15:28:27,23,9976,0,9999
2023-12-28T15:45:13,23,9976,0,9999
2023-12-28T16:01:59,23,9976,0,9999
2023-12-28T16:18:45,23,9976,0,9999
2023-12-28T16:35:31,23,9976,0,9999
2023-12-28T16:52:26,23,9976,0,9999
2023-12-28T17:09:13,23,9976,0,9999
2023-12-28T17:26:00,23,9976,0,9999
2023-12-28T17:42:46,23,9976,0,9999
2023-12-28T17:59:32,23,9976,0,9999
2023-12-28T18:16:28,23,9976,0,9999
2023-12-28T18:33:15,23,9976,0,9999
2023-12-28T18:50:01,23,9976,0,9999
2023-12-28T19:06:48,23,9976,0,9999
2023-12-28T19:23:36,23,9976,0,9999
2023-12-28T19:40:22,23,9976,0,9999
2023-12-28T19:57:19,23,9976,0,9999
2023-12-28T20:14:04,23,9976,0,9999
2023-12-28T20:30:51,23,9976,0,9999
2023-12-28T20:47:37,23,9976,0,9999
2023-12-28T21:04:23,23,9976,0,9999
2023-12-28T21:21:18,23,9976,0,9999
2023-12-28T21:38:04,23,9976,0,9999
2023-12-28T21:54:51,23,9976,0,9999
2023-12-28T22:11:38,23,9976,0,9999
2023-12-28T22:28:24,23,9976,0,9999
2023-12-28T22:45:20,23,9976,0,9999
2023-12-28T23:02:06,23,9976,0,9999
2023-12-28T23:18:54,23,9976,0,9999
2023-12-28T23:35:41,23,9976,0,9999
2023-12-28T23:52:28,23,9976,0,9999
2023-12-29T00:09:27,23,9976,0,9999
2023-12-29T00:26:20,23,9976,0,9999
2023-12-29T00:43:12,23,9976,0,9999
2023-12-29T01:00:03,23,9976,0,9999
2023-12-29T01:16:56,23,9976,0,9999
2023-12-29T01:33:59,23,9976,0,9999
2023-12-29T01:50:51,23,9976,0,9999
2023-12-29T02:07:43,23,9976,0,9999
2023-12-29T02:24:34,23,9976,0,9999
2023-12-29T02:41:26,23,9976,0,9999
2023-12-29T02:58:18,23,9976,0,9999
2023-12-29T03:15:38,23,9976,0,9999
2023-12-29T03:32:28,23,9976,0,9999
2023-12-29T03:49:20,23,9976,0,9999
2023-12-29T04:06:12,23,9976,0,9999
2023-12-29T04:21:27,23,9976,0,9999
2023-12-29T04:38:21,23,9976,0,9999
2023-12-29T04:56:36,23,9976,0,9999
2023-12-29T05:13:51,23,9976,0,9999
2023-12-29T05:30:41,23,9976,0,9999
2023-12-29T05:47:33,23,9976,0,9999
2023-12-29T06:04:33,23,9976,0,9999
2023-12-29T06:21:25,23,9976,0,9999
2023-12-29T06:38:17,23,9976,0,9999
2023-12-29T06:55:07,23,9976,0,9999
2023-12-29T07:12:12,23,9976,0,9999
2023-12-29T07:29:00,23,9976,0,9999
2023-12-29T07:45:46,23,9976,0,9999
2023-12-29T08:02:33,23,9976,0,9999
2023-12-29T08:19:30,23,9976,0,9999
2023-12-29T08:36:16,23,9976,0,9999
2023-12-29T08:53:03,23,9976,0,9999
2023-12-29T09:09:49,23,9976,0,9999
2023-12-29T09:26:51,23,9976,0,9999
2023-12-29T09:43:37,23,9976,0,9999
2023-12-29T10:00:25,23,9976,0,9999
2023-12-29T10:17:19,23,9976,0,9999
2023-12-29T10:34:05,23,9976,0,9999
2023-12-29T10:50:51,23,9976,0,9999
2023-12-29T11:07:38,23,9976,0,9999
2023-12-29T11:24:33,23,9976,0,9999
2023-12-29T11:41:19,23,9976,0,9999
2023-12-29T11:58:06,23,9976,0,9999
2023-12-29T12:15:02,23,9976,0,9999
2023-12-29T12:31:48,23,9976,0,9999
2023-12-29T12:48:35,23,9976,0,9999
2023-12-29T13:05:36,23,9976,0,9999
2023-12-29T13:22:22,23,9976,0,9999
2023-12-29T13:39:08,23,9976,0,9999
2023-12-29T13:55:54,23,9976,0,9999
2023-12-29T14:12:50,23,9976,0,9999
2023-12-29T14:29:37,23,9976,0,9999
2023-12-29T14:46:23,23,9976,0,9999
2023-12-29T15:03:19,23,9976,0,9999
2023-12-29T15:20:05,23,9976,0,9999
2023-12-29T15:36:51,23,9976,0,9999
2023-12-29T15:53:54,23,9976,0,9999
2023-12-29T16:10:40,23,9976,0,9999
2023-12-29T16:27:26,23,9976,0,9999
2023-12-29T16:44:22,23,9976,0,9999
2023-12-29T17:01:08,23,9976,0,9999
2023-12-29T17:17:55,23,9976,0,9999
2023-12-29T17:34:42,23,9976,0,9999
2023-12-29T17:51:37,23,9976,0,9999
2023-12-29T18:08:24,23,9976,0,9999
2023-12-29T18:25:10,23,9976,0,9999
2023-12-29T18:41:57,23,9976,0,9999
2023-12-29T18:58:43,23,9976,0,9999
2023-12-29T19:15:39,23,9976,0,9999
2023-12-29T19:32:26,23,9976,0,9999
2023-12-29T19:49:13,23,9976,0,9999
2023-12-29T20:05:59,23,9976,0,9999
2023-12-29T20:22:56,23,9976,0,9999
2023-12-29T20:39:42,23,9976,0,9999
2023-12-29T20:56:28,23,9976,0,9999
2023-12-29T21:13:32,23,9976,0,9999
2023-12-29T21:30:18,23,9976,0,9999
2023-12-29T21:47:05,23,9976,0,9999
2023-12-29T22:03:51,23,9976,0,9999
2023-12-29T22:20:38,23,9976,0,9999
2023-12-29T22:37:34,23,9976,0,9999
2023-12-29T22:54:20,23,9976,0,9999
2023-12-29T23:11:06,23,9976,0,9999
2023-12-29T23:27:53,23,9976,0,9999
2023-12-29T23:44:55,23,9976,0,9999
2023-12-30T00:01:43,23,9976,0,9999
2023-12-30T00:18:38,23,9976,0,9999
2023-12-30T00:35:33,23,9976,0,9999
2023-12-30T00:52:45,23,9976,0,9999
2023-12-30T01:09:37,23,9976,0,9999
2023-12-30T01:26:29,23,9976,0,9999
2023-12-30T01:43:23,23,9976,0,9999
2023-12-30T02:00:30,23,9976,0,9999
2023-12-30T02:17:18,23,9976,0,9999
2023-12-30T02:34:07,23,9976,0,9999
2023-12-30T02:50:54,23,9976,0,9999
2023-12-30T03:07:50,23,9976,0,9999
2023-12-30T03:24:39,23,9976,0,9999
2023-12-30T03:41:28,23,9976,0,9999
2023-12-30T03:58:34,23,9976,0,9999
2023-12-30T04:21:18,23,9976,0,9999
2023-12-30T04:38:35,23,9976,0,9999
2023-12-30T04:55:29,23,9976,0,9999
2023-12-30T05:12:25,23,9976,0,9999
2023-12-30T05:29:28,23,9976,0,9999
2023-12-30T05:46:31,23,9976,0,9999
2023-12-30T06:03:24,23,9976,0,9999
2023-12-30T06:20:22,23,9976,0,9999
2023-12-30T06:37:12,23,9976,0,9999
2023-12-30T06:54:02,23,9976,0,9999
2023-12-30T07:11:02,23,9976,0,9999
2023-12-30T07:27:51,23,9976,0,9999
2023-12-30T07:44:41,23,9976,0,9999
2023-12-30T08:01:31,23,9976,0,9999
2023-12-30T08:18:31,23,9976,0,9999
2023-12-30T08:35:21,23,9976,0,9999
2023-12-30T08:52:11,23,9976,0,9999
2023-12-30T09:09:10,23,9976,0,9999
2023-12-30T09:26:00,23,9976,0,9999
2023-12-30T09:42:49,23,9976,0,9999
2023-12-30T09:59:47,23,9976,0,9999
2023-12-30T10:16:36,23,9976,0,9999
2023-12-30T10:33:27,23,9976,0,9999
2023-12-30T10:50:16,23,9976,0,9999
2023-12-30T11:07:14,23,9976,0,9999
2023-12-30T11:24:03,23,9976,0,9999
2023-12-30T11:40:53,23,9976,0,9999
2023-12-30T11:57:49,23,9976,0,9999
2023-12-30T12:14:38,23,9976,0,9999
2023-12-30T12:31:26,23,9976,0,9999
2023-12-30T12:48:24,23,9976,0,9999
2023-12-30T13:05:11,23,9976,0,9999
2023-12-30T13:21:57,23,9976,0,9999
2023-12-30T13:38:52,23,9976,0,9999
2023-12-30T13:55:38,23,9976,0,9999
2023-12-30T14:12:29,23,9976,0,9999
2023-12-30T14:29:14,23,9976,0,9999
2023-12-30T14:46:10,23,9976,0,9999
2023-12-30T15:02:56,23,9976,0,9999
2023-12-30T15:19:42,23,9976,0,9999
2023-12-30T15:36:36,23,9976,0,9999
2023-12-30T15:53:23,23,9976,0,9999
2023-12-30T16:10:08,23,9976,0,9999
2023-12-30T16:26:54,23,9976,0,9999
2023-12-30T16:43:50,23,9976,0,9999
2023-12-30T17:00:35,23,9976,0,9999
2023-12-30T17:17:22,23,9976,0,9999
2023-12-30T17:34:08,23,9976,0,9999
2023-12-30T17:51:04,23,9976,0,9999
2023-12-30T18:07:50,23,9976,0,9999
2023-12-30T18:24:36,23,9976,0,9999
2023-12-30T18:41:23,23,9976,0,9999
2023-12-30T18:58:18,23,9976,0,9999
2023-12-30T19:15:06,23,9976,0,9999
2023-12-30T19:31:52,23,9976,0,9999
2023-12-30T19:48:48,23,9976,0,9999
2023-12-30T20:05:34,23,9976,0,9999
2023-12-30T20:22:20,23,9976,0,9999
2023-12-30T20:39:07,23,9976,0,9999
2023-12-30T20:56:03,23,9976,0,9999
2023-12-30T21:12:50,23,9976,0,9999
2023-12-30T21:29:35,23,9976,0,9999
2023-12-30T21:46:32,23,9976,0,9999
2023-12-30T22:03:18,23,9976,0,9999
2023-12-30T22:20:04,23,9976,0,9999
2023-12-30T22:36:51,23,9976,0,9999
2023-12-30T22:53:48,23,9976,0,9999
2023-12-30T23:10:35,23,9976,0,9999
2023-12-30T23:27:22,23,9976,0,9999
2023-12-30T23:44:09,23,9976,0,9999
2023-12-31T00:01:06,23,9976,0,9999
2023-12-31T00:17:57,23,9976,0,9999
2023-12-31T00:34:48,23,9976,0,9999
2023-12-31T00:51:49,23,9976,0,9999
2023-12-31T01:08:40,23,9976,0,9999
2023-12-31T01:25:30,23,9976,0,9999
2023-12-31T01:42:22,23,9976,0,9999
2023-12-31T01:59:22,23,9976,0,9999
2023-12-31T02:16:21,23,9976,0,9999
2023-12-31T02:33:12,23,9976,0,9999
2023-12-31T02:50:02,23,9976,0,9999
2023-12-31T03:07:02,23,9976,0,9999
2023-12-31T03:23:52,23,9976,0,9999
2023-12-31T03:40:43,23,9976,0,9999
2023-12-31T03:57:33,23,9976,0,9999
2023-12-31T04:18:25,23,9976,0,9999
2023-12-31T04:36:36,23,9976,0,9999
2023-12-31T04:53:45,23,9976,0,9999
2023-12-31T05:10:39,23,9976,0,9999
2023-12-31T05:27:43,23,9976,0,9999
2023-12-31T05:44:34,23,9976,0,9999
2023-12-31T06:01:33,23,9976,0,9999
2023-12-31T06:18:24,23,9976,0,9999
2023-12-31T06:35:15,23,9976,0,9999
2023-12-31T06:52:14,23,9976,0,9999
2023-12-31T07:09:03,23,9976,0,9999
2023-12-31T07:25:49,23,9976,0,9999
2023-12-31T07:42:37,23,9976,0,9999
2023-12-31T07:59:24,23,9976,0,9999
2023-12-31T08:16:22,23,9976,0,9999
2023-12-31T08:33:09,23,9976,0,9999
2023-12-31T08:49:56,23,9976,0,9999
2023-12-31T09:06:42,23,9976,0,9999
2023-12-31T09:23:36,23,9976,0,9999
2023-12-31T09:40:22,23,9976,0,9999
2023-12-31T09:57:09,23,9976,0,9999
2023-12-31T10:13:57,23,9976,0,9999
2023-12-31T10:30:46,23,9976,0,9999
2023-12-31T10:47:43,23,9976,0,9999
2023-12-31T11:04:30,23,9976,0,9999
2023-12-31T11:21:21,23,9976,0,9999
2023-12-31T11:38:19,23,9976,0,9999
2023-12-31T11:55:10,23,9976,0,9999
2023-12-31T12:11:59,23,9976,0,9999
2023-12-31T12:28:57,23,9976,0,9999
2023-12-31T12:45:44,23,9976,0,9999
2023-12-31T13:02:31,23,9976,0,9999
2023-12-31T13:19:26,23,9976,0,9999
2023-12-31T13:36:12,23,9976,0,9999
2023-12-31T13:52:59,23,9976,0,9999
2023-12-31T14:09:46,23,9976,0,9999
2023-12-31T14:26:41,23,9976,0,9999
2023-12-31T14:43:28,23,9976,0,9999
2023-12-31T15:00:15,23,9976,0,9999
2023-12-31T15:17:00,23,9976,0,9999
2023-12-31T15:33:55,23,9976,0,9999
2023-12-31T15:50:41,23,9976,0,9999
2023-12-31T16:07:36,23,9976,0,9999
2023-12-31T16:24:23,23,9976,0,9999
2023-12-31T16:41:10,23,9976,0,9999
2023-12-31T16:58:05,23,9976,0,9999
2023-12-31T17:14:51,23,9976,0,9999
2023-12-31T17:31:38,23,9976,0,9999
2023-12-31T17:48:34,23,9976,0,9999
2023-12-31T18:05:20,23,9976,0,9999
2023-12-31T18:22:06,23,9976,0,9999
2023-12-31T18:38:52,23,9976,0,9999
2023-12-31T18:55:48,23,9976,0,9999
2023-12-31T19:12:38,23,9976,0,9999
2023-12-31T19:29:24,23,9976,0,9999
2023-12-31T19:46:19,23,9976,0,9999
2023-12-31T20:03:06,23,9976,0,9999
2023-12-31T20:19:52,23,9976,0,9999
2023-12-31T20:36:38,23,9976,0,9999
2023-12-31T20:53:33,23,9976,0,9999
2023-12-31T21:10:19,23,9976,0,9999
2023-12-31T21:27:08,23,9976,0,9999
2023-12-31T21:43:58,23,9976,0,9999
2023-12-31T22:00:55,23,9976,0,9999
2023-12-31T22:17:42,23,9976,0,9999
2023-12-31T22:34:28,23,9976,0,9999
2023-12-31T22:51:23,23,9976,0,9999
2023-12-31T23:08:12,23,9976,0,9999
2023-12-31T23:24:59,23,9976,0,9999
2023-12-31T23:41:45,23,9976,0,9999
2023-12-31T23:58:40,23,9976,0,9999
2024-01-01T00:15:38,23,9976,0,9999
2024-01-01T00:32:42,23,9976,0,9999
2024-01-01T00:49:37,23,9976,0,9999
2024-01-01T01:06:29,23,9976,0,9999
2024-01-01T01:23:35,23,9976,0,9999
2024-01-01T01:40:29,23,9976,0,9999
2024-01-01T01:57:20,23,9976,0,9999
2024-01-01T02:14:22,23,9976,0,9999
2024-01-01T02:31:20,23,9976,0,9999
2024-01-01T02:48:10,23,9976,0,9999
2024-01-01T03:05:00,23,9976,0,9999
2024-01-01T03:22:01,23,9976,0,9999
2024-01-01T03:38:51,23,9976,0,9999
2024-01-01T03:55:41,23,9976,0,9999
2024-01-01T04:14:30,23,9976,0,9999
2024-01-01T04:28:28,23,9976,0,9999
2024-01-01T04:45:45,23,9976,0,9999
2024-01-01T05:02:39,23,9976,0,9999
2024-01-01T05:19:39,23,9976,0,9999
2024-01-01T05:36:37,23,9976,0,9999
2024-01-01T05:53:29,23,9976,0,9999
2024-01-01T06:10:20,23,9976,0,9999
2024-01-01T06:27:12,23,9976,0,9999
2024-01-01T06:44:11,23,9976,0,9999
2024-01-01T07:01:03,23,9976,0,9999
2024-01-01T07:17:53,23,9976,0,9999
2024-01-01T07:34:42,23,9976,0,9999
2024-01-01T07:51:28,23,9976,0,9999
2024-01-01T08:08:24,23,9976,0,9999
2024-01-01T08:25:11,23,9976,0,9999
2024-01-01T08:41:58,23,9976,0,9999
2024-01-01T08:58:45,23,9976,0,9999
2024-01-01T09:15:40,23,9976,0,9999
2024-01-01T09:32:26,23,9976,0,9999
2024-01-01T09:49:12,23,9976,0,9999
2024-01-01T10:06:00,23,9976,0,9999
2024-01-01T10:22:57,23,9976,0,9999
2024-01-01T10:39:43,23,9976,0,9999
2024-01-01T10:56:31,23,9976,0,9999
2024-01-01T11:13:36,23,9976,0,9999
2024-01-01T11:30:22,23,9976,0,9999
2024-01-01T11:47:23,23,9976,0,9999
2024-01-01T12:04:10,23,9976,0,9999
2024-01-01T12:20:57,23,9976,0,9999
2024-01-01T12:37:53,23,9976,0,9999
2024-01-01T12:54:41,23,9976,0,9999
2024-01-01T13:11:28,23,9976,0,9999
2024-01-01T13:28:26,23,9976,0,9999
2024-01-01T13:45:12,23,9976,0,9999
2024-01-01T14:02:06,23,9976,0,9999
2024-01-01T14:18:52,23,9976,0,9999
2024-01-01T14:35:39,23,9976,0,9999
2024-01-01T14:52:42,23,9976,0,9999
2024-01-01T15:09:30,23,9976,0,9999
2024-01-01T15:26:16,23,9976,0,9999
2024-01-01T15:43:11,23,9976,0,9999
2024-01-01T15:59:58,23,9976,0,9999
2024-01-01T16:16:44,23,9976,0,9999
2024-01-01T16:33:31,23,9976,0,9999
2024-01-01T16:50:28,23,9976,0,9999
2024-01-01T17:07:15,23,9976,0,9999
2024-01-01T17:24:01,23,9976,0,9999
2024-01-01T17:40:48,23,9976,0,9999
2024-01-01T17:57:45,23,9976,0,9999
2024-01-01T18:14:31,23,9976,0,9999
2024-01-01T18:31:20,23,9976,0,9999
2024-01-01T18:48:22,23,9976,0,9999
2024-01-01T19:05:10,23,9976,0,9999
2024-01-01T19:21:58,23,9976,0,9999
2024-01-01T19:38:44,23,9976,0,9999
2024-01-01T19:55:42,23,9976,0,9999
2024-01-01T20:12:29,23,9976,0,9999
2024-01-01T20:29:15,23,9976,0,9999
2024-01-01T20:46:11,23,9976,0,9999
2024-01-01T21:02:57,23,9976,0,9999
2024-01-01T21:19:43,23,9976,0,9999
2024-01-01T21:36:41,23,9976,0,9999
2024-01-01T21:53:27,23,9976,0,9999
2024-01-01T22:10:13,23,9976,0,9999
2024-01-01T22:26:58,23,9976,0,9999
2024-01-01T22:43:55,23,9976,0,9999
2024-01-01T23:00:41,23,9976,0,9999
2024-01-01T23:17:28,23,9976,0,9999
2024-01-01T23:34:24,23,9976,0,9999
2024-01-01T23:51:12,23,9976,0,9999
2024-01-02T00:07:59,23,9976,0,9999
2024-01-02T00:24:49,23,9976,0,9999
2024-01-02T00:41:52,23,9976,0,9999
2024-01-02T00:58:44,23,9976,0,9999
2024-01-02T01:15:33,23,9976,0,9999
2024-01-02T01:32:41,23,9976,0,9999
2024-01-02T01:49:32,23,9976,0,9999
2024-01-02T02:06:24,23,9976,0,9999
2024-01-02T02:23:15,23,9976,0,9999
2024-01-02T02:40:14,23,9976,0,9999
2024-01-02T02:57:03,23,9976,0,9999
2024-01-02T03:13:52,23,9976,0,9999
2024-01-02T03:31:03,23,9976,0,9999
2024-01-02T03:47:53,23,9976,0,9999
2024-01-02T04:04:44,23,9976,0,9999
2024-01-02T04:21:23,23,9976,0,9999
2024-01-02T04:38:17,23,9976,0,9999
2024-01-02T04:55:10,23,9976,0,9999
2024-01-02T05:12:07,23,9976,0,9999
2024-01-02T05:29:06,23,9976,0,9999
2024-01-02T05:45:58,23,9976,0,9999
2024-01-02T06:02:50,23,9976,0,9999
2024-01-02T06:19:41,23,9976,0,9999
2024-01-02T06:36:42,23,9976,0,9999
2024-01-02T06:53:32,23,9976,0,9999
2024-01-02T07:10:21,23,9976,0,9999
2024-01-02T07:27:09,23,9976,0,9999
2024-01-02T07:44:04,23,9976,0,9999
2024-01-02T08:00:52,23,9976,0,9999
2024-01-02T08:17:39,23,9976,0,9999
2024-01-02T08:34:27,23,9976,0,9999
2024-01-02T08:51:23,23,9976,0,9999
2024-01-02T09:08:10,23,9976,0,9999
2024-01-02T09:24:56,23,9976,0,9999
2024-01-02T09:41:43,23,9976,0,9999
2024-01-02T09:58:30,23,9976,0,9999
2024-01-02T10:15:25,23,9976,0,9999
2024-01-02T10:32:12,23,9976,0,9999
2024-01-02T10:49:00,23,9976,0,9999
2024-01-02T11:05:56,23,9976,0,9999
2024-01-02T11:22:43,23,9976,0,9999
2024-01-02T11:39:30,23,9976,0,9999
2024-01-02T11:56:17,23,9976,0,9999
2024-01-02T12:13:12,23,9976,0,9999
2024-01-02T12:30:00,23,9976,0,9999
2024-01-02T12:46:48,23,9976,0,9999
2024-01-02T13:03:43,23,9976,0,9999
2024-01-02T13:20:29,23,9976,0,9999
2024-01-02T13:37:30,23,9976,0,9999
2024-01-02T13:54:17,23,9976,0,9999
2024-01-02T14:11:03,23,9976,0,9999
2024-01-02T14:27:50,23,9976,0,9999
2024-01-02T14:44:46,23,9976,0,9999
2024-01-02T15:01:33,23,9976,0,9999
2024-01-02T15:18:30,23,9976,0,9999
2024-01-02T15:35:17,23,9976,0,9999
2024-01-02T15:52:04,23,9976,0,9999
2024-01-02T16:08:59,23,9976,0,9999
2024-01-02T16:25:46,23,9976,0,9999
2024-01-02T16:42:32,23,9976,0,9999
2024-01-02T16:59:29,23,9976,0,9999
2024-01-02T17:16:17,23,9976,0,9999
2024-01-02T17:33:04,23,9976,0,9999
2024-01-02T17:50:01,23,9976,0,9999
2024-01-02T18:06:48,23,9976,0,9999
2024-01-02T18:23:35,23,9976,0,9999
2024-01-02T18:40:30,23,9976,0,9999
2024-01-02T18:57:17,23,9976,0,9999
2024-01-02T19:14:04,23,9976,0,9999
2024-01-02T19:31:00,23,9976,0,9999
2024-01-02T19:47:47,23,9976,0,9999
2024-01-02T20:04:33,23,9976,0,9999
2024-01-02T20:21:20,23,9976,0,9999
2024-01-02T20:38:18,23,9976,0,9999
2024-01-02T20:55:05,23,9976,0,9999
2024-01-02T21:12:02,23,9976,0,9999
2024-01-02T21:28:49,23,9976,0,9999
2024-01-02T21:45:36,23,9976,0,9999
2024-01-02T22:02:23,23,9976,0,9999
2024-01-02T22:19:21,23,9976,0,9999
2024-01-02T22:36:07,23,9976,0,9999
2024-01-02T22:52:55,23,9976,0,9999
2024-01-02T23:09:43,23,9976,0,9999
2024-01-02T23:26:41,23,9976,0,9999
2024-01-02T23:43:29,23,9976,0,9999
2024-01-03T00:00:17,23,9976,0,9999
2024-01-03T00:17:11,23,9976,0,9999
2024-01-03T00:34:02,23,9976,0,9999
2024-01-03T00:51:07,23,9976,0,9999
2024-01-03T01:08:00,23,9976,0,9999
2024-01-03T01:24:52,23,9976,0,9999
2024-01-03T01:41:47,23,9976,0,9999
2024-01-03T01:58:38,23,9976,0,9999
2024-01-03T02:15:32,23,9976,0,9999
2024-01-03T02:32:40,23,9976,0,9999
2024-01-03T02:49:31,23,9976,0,9999
2024-01-03T03:06:21,23,9976,0,9999
2024-01-03T03:23:12,23,9976,0,9999
2024-01-03T03:40:13,23,9976,0,9999
2024-01-03T03:57:05,23,9976,0,9999
2024-01-03T04:13:57,23,9976,0,9999
2024-01-03T04:29:38,23,9976,0,9999
2024-01-03T04:46:54,23,9976,0,9999
2024-01-03T05:03:50,23,9976,0,9999
2024-01-03T05:20:49,23,9976,0,9999
2024-01-03T05:37:41,23,9976,0,9999
2024-01-03T05:56:27,23,9976,0,9999
2024-01-03T06:13:31,23,9976,0,9999
2024-01-03T06:30:24,23,9976,0,9999
2024-01-03T06:47:17,23,9976,0,9999
2024-01-03T07:04:07,23,9976,0,9999
2024-01-03T07:20:58,23,9976,0,9999
2024-01-03T07:37:54,23,9976,0,9999
2024-01-03T07:54:42,23,9976,0,9999
2024-01-03T08:11:29,23,9976,0,9999
2024-01-03T08:28:18,23,9976,0,9999
2024-01-03T08:45:06,23,9976,0,9999
2024-01-03T09:01:54,23,9976,0,9999
2024-01-03T09:18:51,23,9976,0,9999
2024-01-03T09:35:39,23,9976,0,9999
2024-01-03T09:52:27,23,9976,0,9999
2024-01-03T10:09:15,23,9976,0,9999
2024-01-03T10:26:15,23,9976,0,9999
2024-01-03T10:43:05,23,9976,0,9999
2024-01-03T10:59:56,23,9976,0,9999
2024-01-03T11:16:49,23,9976,0,9999
2024-01-03T11:33:53,23,9976,0,9999
2024-01-03T11:50:43,23,9976,0,9999
2024-01-03T12:07:35,23,9976,0,9999
2024-01-03T12:24:35,23,9976,0,9999
2024-01-03T12:41:26,23,9976,0,9999
2024-01-03T12:58:17,23,9976,0,9999
2024-01-03T13:15:19,23,9976,0,9999
2024-01-03T13:32:09,23,9976,0,9999
2024-01-03T13:48:59,23,9976,0,9999
2024-01-03T14:05:49,23,9976,0,9999
2024-01-03T14:22:49,23,9976,0,9999
2024-01-03T14:39:38,23,9976,0,9999
2024-01-03T14:56:27,23,9976,0,9999
2024-01-03T15:13:29,23,9976,0,9999
2024-01-03T15:30:17,23,9976,0,9999
2024-01-03T15:47:06,23,9976,0,9999
2024-01-03T16:04:08,23,9976,0,9999
2024-01-03T16:20:56,23,9976,0,9999
2024-01-03T16:37:44,23,9976,0,9999
2024-01-03T16:54:41,23,9976,0,9999
2024-01-03T17:11:30,23,9976,0,9999
2024-01-03T17:28:18,23,9976,0,9999
2024-01-03T17:45:05,23,9976,0,9999
2024-01-03T18:02:04,23,9976,0,9999
2024-01-03T18:18:53,23,9976,0,9999
2024-01-03T18:35:42,23,9976,0,9999
2024-01-03T18:52:30,23,9976,0,9999
2024-01-03T19:09:30,23,9976,0,9999
2024-01-03T19:26:18,23,9976,0,9999
2024-01-03T19:43:16,23,9976,0,9999
2024-01-03T20:00:05,23,9976,0,9999
2024-01-03T20:17:11,23,9976,0,9999
2024-01-03T20:33:58,23,9976,0,9999
2024-01-03T20:50:57,23,9976,0,9999
2024-01-03T21:07:47,23,9976,0,9999
2024-01-03T21:24:35,23,9976,0,9999
2024-01-03T21:41:22,23,9976,0,9999
2024-01-03T21:58:21,23,9976,0,9999
2024-01-03T22:15:10,23,9976,0,9999
2024-01-03T22:31:59,23,9976,0,9999
2024-01-03T22:48:47,23,9976,0,9999
2024-01-03T23:05:36,23,9976,0,9999
2024-01-03T23:22:35,23,9976,0,9999
2024-01-03T23:39:24,23,9976,0,9999
2024-01-03T23:56:15,23,9976,0,9999
2024-01-04T00:13:06,23,9976,0,9999
2024-01-04T00:30:12,23,9976,0,9999
2024-01-04T00:47:12,23,9976,0,9999
2024-01-04T01:04:07,23,9976,0,9999
2024-01-04T01:21:02,23,9976,0,9999
2024-01-04T01:37:55,23,9976,0,9999
2024-01-04T01:54:58,23,9976,0,9999
2024-01-04T02:11:52,23,9976,0,9999
2024-01-04T02:28:44,23,9976,0,9999
2024-01-04T02:45:34,23,9976,0,9999
2024-01-04T03:02:23,23,9976,0,9999
2024-01-04T03:19:24,23,9976,0,9999
2024-01-04T03:36:15,23,9976,0,9999
2024-01-04T03:53:06,23,9976,0,9999
2024-01-04T04:10:06,23,9976,0,9999
2024-01-04T04:32:47,23,9976,0,9999
2024-01-04T04:50:11,23,9976,0,9999
2024-01-04T05:07:08,23,9976,0,9999
2024-01-04T05:24:03,23,9976,0,9999
2024-01-04T05:40:57,23,9976,0,9999
2024-01-04T05:57:51,23,9976,0,9999
2024-01-04T06:14:52,23,9976,0,9999
2024-01-04T06:31:44,23,9976,0,9999
2024-01-04T06:48:36,23,9976,0,9999
2024-01-04T07:05:27,23,9976,0,9999
2024-01-04T07:22:18,23,9976,0,9999
2024-01-04T07:39:16,23,9976,0,9999
2024-01-04T07:56:06,23,9976,0,9999
2024-01-04T08:12:59,23,9976,0,9999
2024-01-04T08:29:53,23,9976,0,9999
2024-01-04T08:47:02,23,9976,0,9999
2024-01-04T09:04:06,23,9976,0,9999
2024-01-04T09:21:13,23,9976,0,9999
